1609346893888487427
1609403283575115777
1609419154783703043
1609586810619072512
1609600595765215234
1609681221264769024
1609708862311116800
1609741819134332928
1609774363049615362
1609906105030770688
1610396614832672769
1610399356519174145
1610464848046874627
1610670824339681281
1610681987249102848
1610798686698708992
1611000229192519681
1611009386343813124
1611057318959140868
1611141294255898625
1611192396691259392
1611244048722923520
1611256188443979780
1611497361162833922
1611506821319241728
1611511453722312705
1611546067170131973
1611759830712332288
1611765059033743361
1611974091208282112
1612095620109697024
1612184733911326720
1612202298717143041
1612280918714245120
1612374248865292288
1612437210833506304
1612454536529977351
1612467640752312321
1612468784580665346
1612498437714415619
1612501420208709634
1612510621140156416
1612536023753396224
1612609928866177024
1612631691218063362
1612642697944129536
1612650217014439942
1612746876247474177
1612809104342544387
1612887052483235850
1612894597210071041
1612937029800558592
1612943326763945985
1612960086887993344
1612967780957171714
1613124852935970817
1613327815297867777
1613344692308942848
1613415845740384258
1613424820334600192
1613677898333921280
1613717179131650048
1613734806948573185
1613792092135858177
1613812847540330497
1614068961179492352
1614116310094413825
1614229591647830017
1614307105749483520
1614362367739019265
1614617029851418630
1614713337966641152
1614760358207684610
1614978105126305792
1614985478566215680
1614993403170926595
1614995630040182785
1615020324822581248
1615053897420181505
1615131395461881857
1615134677764919296
1615135790379708416
1615239612066324481
1615240735766507521
1615247887528767488
1615274609800261635
1615274923781656579
1615422795768336414
1615426700321460224
1615481540758192130
1615664138532913155
1615676010367967232
1615685923533897728
1615853565440053248
1615870640266919936
1615878419056832514
1615886029914882049
1615886487190671360
1615929721015107584
1615930629614637056
1615937514703052804
1615945491963084800
1615947520643072001
1615948546863435776
1616009459867713540
1616120507786756096
1616120628238598159
1616120750322204688
1616219033111785472
1616232949304754177
1616250206772944897
1616470976392269827
1616471785431506945
1616543319601074176
1616711531093172227
1616811273215217664
1616812176437817347
1616818720818749441
1616833516226084864
1616841499999625216
1616903248199172097
1616999527088783361
1617037848418603010
1617060519286042627
1617162113662832642
1617175636086333441
1617220997475872769
1617221261041573891
1617229138393288713
1617235194829733888
1617235717322690561
1617237302908002307
1617239749303107585
1617244641975324678
1617305983713439747
1617322960905437184
1617358011080802308
1617379621091315713
1617395344417120259
1617395715772411905
1617436486680612864
1617518090283266048
1617669874142302209
1617713720607772677
1617723516077608960
1617908754472919041
1617941714681094145
1618041541985198080
1618083531783294978
1618102873677770754
1618228998454247429
1618371608820977665
1618429854105612289
1618471969615413249
1618753022154395648
1618965698138738688
1619003712504201216
1619049077748142080
1619058711582101505
1619096903911620609
1619143283887972353
1619145785781915648
1619173198389706753
1619179653109022720
1619372975526121473
1619420729950486528
1619512482154049536
1619585876119678977
1619702853811195904
1619713383317774337
1619732414905094149
1619833554921472001
1619853310282039296
1619853729238507520
1619856350552686592
1619932007097831424
1619934925326798849
1619954920307970049
1620012381576531969
1620015410694463488
1620038873530396672
1620044097498275840
1620074956678905862
1620141580093890585
1620164215356133377
1620181872922988545
1620199637167771649
1620220036026880000
1620230452073332738
1620361056660099075
1620411149249556480
1620422087717568515
1620487660308668417
1620518610342125568
1620518715778555904
1620518887061327873
1620519769249300480
1620519850371342337
1620520060803764225
1620523993001504769
1620524062555635713
1620524135070986242
1620524204734156802
1620524460242776065
1620525392141639681
1620525462677225473
1620525563718012928
1620525829955653633
1620553839954006016
1620560271524921346
1620565743929810945
1620565796937424897
1620565931473928192
1620565979792277505
1620566132267839488
1620582003480612865
1620590582996537347
1620592317920063489
1620592474015301633
1620593414055276544
1620611646023692288
1620627435548205056
1620627809071960064
1620698109537054720
1620698166218870785
1620710333106237440
1620780888010416129
1620811669718073344
1620913797908107264
1620923526860664833
1620931582407356417
1620963654006079488
1621002302927560706
1621035705307897856
1621038423388864512
1621053931781763074
1621066128716955650
1621153394848317442
1621153973377052672
1621155543263088643
1621176280426364929
1621262830749249536
1621268926435835905
1621298022628966406
1621304164822274050
1621344083833765890
1621358231502077952
1621363944597118976
1621392183634059265
1621467155676946432
1621532556968529921
1621573818237034496
1621576610578317313
1621635429312172034
1621652478377992192
1621702019621740550
1621706849992036352
1621708607875072005
1621711117495209984
1621902010860584961
1621906030916505604
1621939232552980481
1621939874730475520
1621944016173498373
1621961449081032704
1622072319383425024
1622104045866598405
1622203604386959362
1622290575734067200
1622362845840302082
1622437090981027840
1622439529746505728
1622745238396706816
1622757539971493889
1622935158868377600
1623132248902860801
1623170819672141824
1623204499161600001
1623208826458583040
1623375629038063666
1623501762102435843
1623508941945688065
1623675671678427137
1623746626937389056
1623810210136723457
1623871372240863235
1624132917147406337
1624182559784505345
1624261830263832577
1624273308807057408
1624351692803444736
1624403664180809729
1624421369613099009
1624432109032013825
1624463287395008514
1624484396920188929
1624539984949542914
1624627242335715328
1624835523306000385
1624835548597694467
1624841520078639108
1624876672502882304
1624895221329965056
1624937018487717888
1624945524938874880
1624951429285781504
1624988689729310720
1624993814254436352
1625055783472750593
1625137569141751808
1625182295421337601
1625197853424353288
1625208945743695884
1625262033049382912
1625288959529041922
1625305474835922946
1625642711884742657
1625687393427771393
1625710024025640961
1625892172804288512
1625912446564151307
1625939758097506306
1625961443102261263
1625962097438867457
1625988574616379392
1626012460896378882
1626039410226524160
1626040240002433025
1626050429703315458
1626146158354526211
1626303998277087232
1626320780324745217
1626363479647985664
1626440910471823361
1626597932085682178
1626643338945511425
1626657011126640641
1626705143520452608
1626811699444723712
1626919329685032960
1626980064381267971
1626981671684767746
1627058228646543362
1627300891098243074
1627442907241218048
1627443142554275844
1627443729312190464
1627443771888525314
1627443921923059715
1627560753757577216
1627666225433133056
1627703772783804417
1627704844042502147
1627706459587854337
1627794571722690561
1627811382795149313
1627832819102646272
1627835872220520449
1627836230963691523
1627837944689049600
1627839601346859010
1627902714700083200
1627903635454582785
1627995855423782912
1628159749597560833
1628389946166849537
1628449825959170049
1628483326670430215
1628555337811755009
1628573592781815813
1628820655138541568
1628855309166059520
1628855505287368705
1628886659264659457
1628895595413884931
1628911329669939201
1628923104863952899
1628948704404160514
1628951899507421185
1628953253797822465
1628961804238848005
1629043866513932293
1629116555001724928
1629192885839986688
1629262183388282880
1629296818302464002
1629421167537954816
1629544512082116609
1629558783373455360
1629588958806982657
1629649084263944193
1629767699449409540
1629873155559833600
1629873614508916736
1629884562930114562
1629890632549384194
1629941845307400192
1630024263871655939
1630027156032987136
1630282637423312896
1630337471945887752
1630390649101991941
1630527293629054978
1630538976367984645
1630554854731939840
1630561212357394432
1630583069894668290
1630624694729621530
1630671019722657792
1630711307023392768
1630922479161036802
1630960158367969281
1630963003343396864
1631042728661327874
1631081095532888064
1631098718760980480
1631391708205420544
1631430462726864898
1631468829447688192
1631472194466324480
1631483948114010113
1631504027446829057
1631517358685663232
1631540264446889984
1631686867354542083
1631707169317081094
1631741420389236741
1631785002806435840
1631806835970777088
1631811363721957377
1631862327329927168
1632111529108680704
1632354028918063104
1632398133882679296
1632442575968772096
1632446575493496837
1632512305010294787
1632514843822501888
1632527262959403014
1632606517563392008
1632627721430876161
1632739993293664257
1632740119055613953
1632740259023691778
1632740363273134080
1632808663877287941
1632849696367468544
1632942369539596288
1633004884550119427
1633057323609407488
1633101353252798464
1633243172527837184
1633249884919693315
1633310557414772736
1633351013133348864
1633499800246145025
1633614163590230019
1633646116095897603
1633648265836077060
1633667894260166658
1633676850139389955
1633688913435938821
1633726770309365762
1633820318270734336
1633843543088467975
1633977492569567234
1633985432198283266
1634136894677164033
1634147874442190850
1634210974101118976
1634211973842780162
1634212123248041986
1634212380010749953
1634213181907140612
1634213392360587266
1634214048995717124
1634260915536142351
1634352740200587264
1634405319630635009
1634408760406945794
1634440703953575936
1634533619791273985
1634582733413392385
1634672988229365762
1635017014745112576
1635136352508604416
1635241155943362564
1635299662834925571
1635337885552627713
1635424238847901698
1635436974189211648
1635443033121386501
1635643394235019265
1635682655713755136
1635692279464701952
1635692427154534401
1635692704532246531
1635692762342338589
1635693277134434552
1635728710077943808
1635729578043011073
1635730095695626241
1635731057810243584
1635749514492497920
1635759281097043970
1635772649719595011
1635773075584176130
1635773241615872000
1635811518720667648
1635940962777137156
1635955477921112065
1635986323893780482
1636005277706207234
1636008312184401921
1636041419381956608
1636041438327873537
1636042019079331840
1636042744262017035
1636043260798935040
1636043739402567680
1636044207742763010
1636055841219510272
1636059275867959297
1636059556529729538
1636092164877824000
1636127169708544003
1636130545896677376
1636157360560275456
1636200021182894087
1636203580343328769
1636222060039946240
1636347635756875779
1636360475754614784
1636377229600096258
1636380785052905473
1636420548178657287
1636422921689366528
1636446524485046273
1636497359705366530
1636503448970469377
1636566073171476481
1636567377671254018
1636572072301166593
1636573049729294338
1636602164692013056
1636720161653678082
1636758121031843841
1636779804518383616
1636805198352875547
1636805607310204928
1636805777275879437
1636805839083249664
1636805974118760460
1636824464892518401
1636826222255587328
1636830778691661826
1636842738401378304
1636863366684721163
1636870236363280385
1636870995452522496
1636875741584318464
1636877314217705472
1636885764549083149
1636914705301221376
1636924805067726848
1636995385963970560
1636995708623499267
1637076635705901058
1637129414524780545
1637176297498771457
1637179051658944513
1637251982867017732
1637256669670305793
1637318060905209856
1637407661598846976
1637453423623716865
1637554151667138566
1637609683077971968
1637644176954208257
1637650752582590465
1637814781234036738
1637920188854157313
1638053533457973249
1638054009192710146
1638142319349100545
1638170961286508545
1638185834716319745
1638186024391045120
1638194793657298946
1638330301217734661
1638525882548494338
1638548271911108610
1638548278345191424
1638548292085710849
1638548294530891776
1638590413954064394
1638597702308212736
1638628157673668611
1638641352828149765
1638641398969692160
1638641554188271616
1638641633658048512
1638641721536815108
1638641937744887812
1638645010693275654
1638655300206047235
1638727563156819971
1638733394564591618
1638744505930203138
1638757055237599232
1638864096803135490
1638914157373276161
1638914230580568064
1638914731636572161
1639175222279704577
1639211335069179904
1639211381487554562
1639211471727886338
1639211520356675584
1639211873009639425
1639288871501324291
1639306780353216527
1639318573179977736
1639341130239074305
1639373149643976705
1639395329446408192
1639827144523251712
1640009239535009794
1640022719595966465
1640104652086603777
1640312623206916099
1640384771510476800
1640384968579858434
1640385249887526912
1640386283183669249
1640386439488716800
1640386857367224325
1640421929919102994
1640425534537515036
1640452898894278656
1640456210037055490
1640485204702756865
1640560124459638785
1640756669767647233
1640793774790963203
1640793817006628867
1640794051950661639
1640794092593467393
1640794387339784192
1640794552117108737
1640794767675084804
1640794827397926912
1640806515648126976
1640909651960033281
1641072458529746950
1641100306233663489
1641114244342005761
1641216308602716166
1641216504757727239
1641227292079734785
1641240363473031169
1641432360267792390
1641497938160410628
1641498128758059009
1641498195724230664
1641498369221615618
1641498456752545793
1641574997935390720
1641577982853632002
1641580800494665729
1641580862339706880
1641581108541243393
1641581212773883910
1641582536865218560
1641783097573220353
1641829830520983552
1641914542060978179
1641950326671507456
1642026496125546496
1642146732015337473
1642217551378907138
1642223069845504000
1642223811796803584
1642314728918614016
1642354271420129281
1642354369931689985
1642354480028041217
1642354567328194560
1642354903178682368
1642355014545940480
1642355044472201219
1642355110444429314
1642355307304173569
1642355373679038467
1642361814942990337
1642558007568478210
1642558049146617860
1642558264155033607
1642558340453613569
1642558393725468673
1642558623938125824
1642558736496467968
1642558842880897026
1642563426734964740
1642563699582857216
1642563846467362816
1642563897906405378
1642563993964257280
1642568518095732736
1642630662111764481
1642725222615851011
1642739522487357440
1642793417330552832
1642911191541399553
1642964100530446504
1642966978464993280
1642967086430298137
1642967959177138176
1642968068711419904
1642968217118179328
1643055563398344705
1643081064741576704
1643084436714471426
1643257599452925955
1643266206508392455
1643306008368799748
1643326289112182787
1643372608702799874
1643439667109412864
1643444280483094529
1643444356609613832
1643444852841906177
1643445967008432128
1643450555207958530
1643457052419710976
1643457156790771713
1643457495053000704
1643457552263311360
1643457652716863489
1643518448419340289
1643615874585067524
1643619628516532235
1643619685257162753
1643620222866161665
1643620338230501376
1643620418832457732
1643725483584937984
1643786565829775362
1643813731229417472
1643813775647055874
1643813844001619968
1643814038109921280
1643946740490412032
1643992655301607425
1644021432630779915
1644021500263931913
1644022117673869330
1644112829069369344
1644115879653785600
1644115924339834881
1644116014827814913
1644116083568267267
1644116156947607557
1644150782587969538
1644180706778554371
1644203589550604291
1644204901856059392
1644332234382491650
1644376924582559747
1644377037128204296
1644377325578997760
1644377394084446208
1644378056260190211
1644390881795899406
1644503398488723457
1644644861511958528
1644717329786327041
1644763775000625158
1644802061920264193
1644802242359197697
1644802424371130372
1644802481296224256
1644802662032973824
1644802966447087617
1644917184668286976
1644917521831587840
1644917604627218433
1644917682230157312
1644917826002595840
1644917944235827201
1644918037600952321
1644918105192136704
1644975777962704896
1645110634814513153
1645110688237465600
1645111547910397952
1645111663127928833
1645111859236814851
1645112474272780289
1645129247193808897
1645213584362807297
1645283960837079040
1645423384333778947
1645449664412413953
1645449718363824128
1645449923708502017
1645450163899576322
1645450421345959937
1645485682251517952
1645516627100725248
1645564643618816001
1645611097251086337
1645618405955760129
1645785039542558720
1645850140912021505
1645860984819535882
1645899512651685890
1645899969788772354
1645904680566784000
1645923040201699328
1645944445068533765
1645983884964659201
1645983938878341120
1645984492530683916
1645984586453725184
1645984706687541249
1645984965891375109
1646074319359860737
1646175296486342656
1646175413071118339
1646175518507560962
1646175626573885440
1646175753929629696
1646288617000812544
1646338469600346114
1646349830329978880
1646354981568630784
1646365887681658881
1646383183523454979
1646390340281090049
1646397824416743426
1646401238982881280
1646408976085716993
1646593445488721920
1646616881246158849
1646616949542060035
1646617053627809793
1646617134640816129
1646619665618092038
1646671745271713798
1646698075883282433
1646723355683311616
1646753691246919685
1646882833821048832
1646909817334710274
1646912663660683276
1646948514818039814
1646948582879010839
1646948696364294162
1646948802257887248
1646948999008493572
1646962263893393409
1646971057411182602
1647044976478416897
1647103762639585280
1647103814435045376
1647103899034058752
1647103930210439169
1647104048946900992
1647104322964975616
1647338998237483009
1647339102566600706
1647339206119702528
1647339310553653251
1647339362814763008
1647339412156563457
1647339481379241985
1647339530964303873
1647339580272570369
1647339621921988610
1647339965171265541
1647341532817530881
1647378885967769600
1647408023990591489
1647420512203677696
1647480640105848832
1647533467331092480
1647647768381386755
1647647815055581186
1647647897058435072
1647647944751890433
1647648072179105792
1647648243050856449
1647648512920678400
1647694275545579529
1647719093301018624
1647755596953690112
1647773045518483457
1647808012591980545
1647812847039135745
1647934627548389376
1648033409527083017
1648056547929456640
1648066777996222464
1648079259045441538
1648083735068196866
1648115795589824518
1648123663382708230
1648138945882890240
1648143364687032321
1648149091426217984
1648153469616889865
1648164683231252481
1648164743125909506
1648164888731086851
1648165015503904770
1648165378785157128
1648167946659803138
1648169180942725120
1648169221338066944
1648169363004850176
1648169476150501376
1648169538213511169
1648170681257926657
1648177431193300994
1648177474302296065
1648177708692643840
1648177744449085440
1648177856558628865
1648192903208894468
1648195049035911170
1648349644265594880
1648368962541961219
1648434239225090049
1648434293864267776
1648434464811536385
1648434502006616066
1648434587918532609
1648438815491760128
1648461424321269760
1648498088955490304
1648550576072937473
1648550849927421952
1648550885058924547
1648550958006169600
1648550999735300096
1648551427432763392
1648633802678325250
1648641398093037568
1648654587660840964
1648662578464161793
1648664316982317058
1648680942343520256
1648724973157007361
1648730456244867073
1648730493938958353
1648730895845556226
1648730960534425601
1648731069024174097
1648731172560568342
1648731205146116113
1648732866044411905
1648828660106027010
1648868953299599363
1648890889652039685
1648891330980872194
1648891466104680448
1648891496911732736
1648891559994093569
1649082880847679488
1649097644143263755
1649121379663347713
1649370529197899777
1649420541059645441
1649504929575235584
1649678284446113792
1649890303485018112
1649917904983343104
1650195379411992576
1650195586388295680
1650195721163866112
1650195757025116162
1650195876495736833
1650222172722397188
1650328847622057984
1650328934955753472
1650329026358046720
1650329070570291200
1650329272253399041
1650453248757714947
1650453459047514116
1650454500174356480
1650524046633705472
1650551392929472512
1650609251503554561
1650609349969035266
1650609393635848195
1650609445947228168
1650609483133902849
1650654165721313284
1650654197891715073
1650654271254278144
1650654429748576264
1650654571402866689
1650655150850166784
1650700215337328643
1650856851267887104
1650856945773838336
1650856998487851009
1650857166910152706
1650857240461717504
1650919532528017410
1650919575716765702
1650920214429663233
1650920336421007363
1650920492004417546
1650954555406909445
1650955311967006753
1650956509843451938
1650956677980536833
1650956803411177487
1650957152926724098
1650958496337219585
1650989362052562946
1651019923274047488
1651286192145432585
1651384466512773123
1651395768555646978
1651395809949237248
1651396279212154880
1651396318407917568
1651396462897397766
1651571266543861760
1651571320436531201
1651571748649746435
1651571785471598592
1651572072894611457
1651646978332213248
1651683365752557568
1651687377327255581
1651687853179432974
1651687903351697412
1651688096918827008
1651688131706466304
1651688219639988225
1651688295431127040
1651718132556242946
1651868244804792322
1651918732409597952
1651987313537236997
1652030955429699584
1652031036279144450
1652031136959193088
1652031176784093186
1652031447362838539
1652031534457602048
1652031576971067399
1652110815523160065
1652110858875547649
1652110893830766594
1652110934632984581
1652111202300952576
1652170584783192064
1652218161029062656
1652222822524043265
1652449288423866369
1652768418632982528
1652836568359469056
1652843435273990146
1652843496141889536
1652843712710426624
1652843759283974149
1652843924430508036
1652850123049762818
1653000611145687040
1653066240649469952
1653070496349421568
1653149062328115203
1653164694314549249
1653218052521992193
1653242421948325888
1653264833993748481
1653387681059962880
1653454989027573760
1653455683998629908
1653456774878380057
1653457143121473536
1653457488878944260
1653813233675907106
1653817727037865986
1653817814627622912
1653838276657029133
1653838327903035405
1653838487328530448
1653838686314700819
1653838795265941509
1653839285227757575
1653839336297603106
1653839389288439865
1653839431176953882
1653839473786888206
1653839774174593024
1653839812976168962
1654121681559126016
1654121763582918656
1654121860869799943
1654121916800856065
1654122101648027648
1654122194295988226
1654122413448151040
1654122535984992259
1654122675361701889
1654122729648582661
1654123722083827717
1654124506133454850
1654124613411151872
1654124775898333185
1654124846509445120
1654125160809775109
1654125230741413890
1654125647848169473
1654125860847517701
1654130465283125249
1654130512720478208
1654130595629498376
1654131650987692033
1654132079011954688
1654180718879055872
1654248174628765696
1654267973966651392
1654295410612027392
1654474239594962944
1654509801219522560
1654600934121406464
1654674171908046851
1654732893640425476
1654758059132985346
1654831514608099335
1655080763623190529
1655085848495288325
1655092890031337473
1655219366026149891
1655219480174231552
1655220579748675584
1655220747248234500
1655220957714296838
1655222388974288898
1655223260303220736
1655226375047987201
1655290713251229696
1655321416852553728
1655321515414507525
1655322007779540992
1655322042688741380
1655338139253088256
1655380843764801536
1655380996227846150
1655381091342065665
1655381266982748161
1655381576317026305
1655381674576814080
1655381776963891200
1655381794189975554
1655381908384014338
1655381972175265794
1655382042010439680
1655382064265416705
1655382135455244289
1655382571713282048
1655382727556751361
1655492384023511042
1655584311133741056
1655586977238990848
1655587384451387395
1655588092185542665
1655589990825328642
1655590121821929474
1655593950877548545
1655594302326571009
1655594723195736066
1655643937510416391
1655652679580803093
1655671683284344869
1655802578041466882
1655821902823268353
1655852354430992385
1655875401288130561
1655877236119986178
1656057574116974594
1656057776500555779
1656058092092571651
1656058235390943233
1656058556683259905
1656058921344172032
1656059049346060288
1656059140760907777
1656059325377310721
1656059591984132096
1656059691267502080
1656059764843991042
1656059874990608387
1656091087797141504
1656125812486164482
1656129947352612864
1656292735819862017
1656350102863085580
1656440657878351872
1656440769027375105
1656685760089604100
1656721154025848832
1656770154552860673
1656770734645968897
1656827537094324225
1656850702331793409
1656850737362509825
1656850818832711681
1656850917587578880
1656850962282061825
1656859417592168448
1656883307441790977
1656887192394899456
1656888589957857282
1656894886212190208
1656962620501401601
1657049763701981188
1657268803246358529
1657291881032605697
1657373155785146374
1657564874291961856
1657575762923253761
1657577798360354818
1657619758106177536
1657651521285136389
1657697222039879683
1657792566044098560
1657822163515191299
1657822235564883968
1657973775357579264
1658006807854587905
1658287526006648833
1658524364332216328
1658597879601065986
1658658868103192576
1658664743542857731
1658674899185967104
1658676054616072192
1658809666556645377
1658830066183290880
1658964960486076421
1659024966845644800
1659111665978277890
1659157270607937536
1659223024963313667
1659307866275168264
1659307956943421440
1659308036962279424
1659308170706141191
1659308546742157313
1659347766345183233
1659354145516580864
1659413934041083907
1659460163466588162
1659500356798218241
1659633475161341979
1659668309736923139
1659687905860763654
1659727103422615552
1659763697391218692
1659763831936016384
1659765532097232897
1659806649639419904
1659806786407346177
1659807206777266176
1659807287643459585
1659807339413741569
1659836073827024896
1659844687228817409
1659926029647978499
1660012619103719425
1660013738387296258
1660013992419401728
1660014106777100289
1660045956107083777
1660095734379675648
1660348999407206401
1660400218225950720
1660441725628735488
1660443784109334528
1660444082588491776
1660444254424948737
1660444311710826496
1660444348142551040
1660488470840725505
1660502418503655424
1660502968762769408
1660503003617456129
1660503106335981569
1660503157980426240
1660503335747698688
1660503378806415361
1660524777948446722
1660622152024879105
1660624245557190659
1660629104452853764
1660741435484786689
1660757623749201923
1660767599523688450
1660770937069789185
1660790877038452736
1660791624194981892
1660856342469378049
1660864273357197312
1660872703815852032
1660891086884069376
1660908312089489408
1661069994673750025
1661143755343429632
1661212787169808384
1661227113335205890
1661228720328261632
1661233352614002693
1661240145436344320
1661337080142741505
1661425099797299216
1661428361233661961
1661468025692848128
1661479453053296640
1661494206227968001
1661521732581183489
1661522610570633217
1661575660584697856
1661589140259913730
1661589238549291008
1661595321288278016
1661595460883103745
1661595539102658564
1661866230549041153
1661875737547374594
1661921674193772545
1661924189798903809
1661973337663324165
1662110668328259584
1662110799521886210
1662110943604535300
1662111678891282437
1662111740392341506
1662198899988201477
1662287067236245505
1662287553318342657
1662305667653181440
1662525095493918724
1662639387190992900
1662656498189627394
1662656600606228482
1662656679207469056
1662656717656674306
1662656792780853249
1662661686447296512
1662923522732093440
1663177630856671232
1663181763143782401
1663182268502884353
1663187024948363264
1663236796262629400
1663284515933130758
1663315863129272327
1663322896486244352
1663333044554547200
1663506943283961856
1663507559821500417
1663508803092992001
1663508874677088258
1663531477206802434
1663531568269258755
1663592377036963856
1663633584123527168
1663633645783986177
1663633765074124801
1663633841557237760
1663664445128597504
1663717986040008704
1663719446781853698
1663722247079567360
1663722645945294848
1663722919837544448
1663724953903017985
1663725013067870211
1663725147264540672
1663725766461276160
1663726356813807618
1663726461625270272
1663727102183571456
1663730569056776198
1663730640905203713
1663731422920671240
1663731543049752579
1663884565193060352
1663927407538053120
1664003338424270849
1664007994273673216
1664017214255529985
1664044822699622400
1664162278978080768
1664292445058678784
1664355312877355009
1664355367885627392
1664355610534506499
1664356446941609984
1664361809699131394
1664370560619479042
1664467570378919936
1664493106484629505
1664493475599900673
1664718477083529217
1664747660782231554
1664794530929934338
1664797395186597889
1664830605308174337
1664831862030708736
1664844487934242817
1664853197473603586
1664880747121868802
1664882102435823616
1664885389121708032
1664886397688266753
1664901756201967617
1664976876438429696
1665053644448841731
1665062823645331459
1665155972447215616
1665156505295892480
1665162024375013377
1665186177282895873
1665190526407024643
1665206843524673538
1665214992419901440
1665215173676654595
1665215252521205761
1665215317084102657
1665215397266595840
1665351482495885312
1665358731465441280
1665363536128745472
1665374142625902592
1665414837055156230
1665426320082255875
1665426365401690114
1665426464332824582
1665426503155195904
1665426598953205765
1665441265561874434
1665443424021913600
1665526151245189120
1665526201484554240
1665526377796235265
1665526410524479488
1665553310517010433
1665714482650177537
1665743748804800512
1665832270068867075
1665856162225422336
1665884337735184384
1665889530820296706
1666065389044760576
1666091698068557824
1666202353119158272
1666229912879915008
1666258065199439872
1666380606991630336
1666471429053841408
1666471470237724672
1666471700404264961
1666471743613960192
1666473248169623554
1666499314049245224
1666541498865704960
1666582354414927873
1666621074371493890
1666631949832667137
1666640032482852864
1666642108457836544
1666698514905153537
1666860616634576903
1666865398807928834
1666887818918887424
1666956688451051522
1667136491749797889
1667184105912508420
1667267694247198720
1667355314503426049
1667388456895488000
1667421807966560256
1667422247529611265
1667554536561717249
1667560279989788672
1667715107516973057
1667765708103598083
1667850523389698048
1668089731144450048
1668089811628879872
1668089874749050880
1668089937231585284
1668090028981886978
1668120512088748032
1668120552496570368
1668120641927540737
1668120675045847040
1668120910656667648
1668130731699105792
1668266907554705409
1668392380394004480
1668404164525973504
1668460200653668353
1668467212611383298
1668467879585501185
1668662477872144384
1668662521891368963
1668662585628012547
1668662725034094604
1668662847365165078
1668752989300072448
1668872400329674752
1668956644724858881
1668990591277957124
1668990688724152321
1668990835185025031
1668990877392355330
1668990964931674114
1668993379785494534
1668993633947734021
1668993805905719305
1668993891297533955
1668994002782134272
1668994080590778369
1668994174614396930
1668994271129616390
1668994453950824448
1668994526323650568
1669107106388090882
1669169477416542209
1669213927383744513
1669379409575280657
1669402414066302979
1669415989816225794
1669450385034027009
1669450443762671617
1669450537845006337
1669450568350285824
1669450688739385346
1669461585394380801
1669502441740435456
1669504319735975936
1669504996734300161
1669505034738888704
1669505103458365443
1669505151311175680
1669505388398407680
1669510172216049664
1669514734079553537
1669552773648510979
1669587272512024576
1669604858997899265
1669660198955372545
1669692267660210178
1669693503775952896
1669781681270673408
1669794872507637775
1669806055042285574
1669897858189852672
1669897946618294272
1669898442229923840
1669898532159889408
1669898631997005826
1669902029215473664
1670093262663589888
1670093630957076481
1670094165345021954
1670094258181644292
1670094491884158981
1670151053440954372
1670177962639998976
1670178169511354371
1670178427276603394
1670179468285976576
1670179554491613184
1670179742358593536
1670206654695067650
1670243669427867648
1670282263399915521
1670327526281863168
1670474132276801540
1670489981981171715
1670526971388870658
1670527972548255744
1670597661156671488
1670597704160800768
1670597805054803968
1670597856145690626
1670597970859884544
1670635583671005184
1670669442852835328
1670734734433853440
1670764025917874177
1670818511810166785
1670833805123522562
1670941613911048192
1670942022625001472
1670942205224034305
1670942245971689472
1670942420815564802
1670943346729025540
1670944868858724354
1670950618968596481
1670958081629405184
1670958119923400704
1670958553304104960
1670958612959698944
1670959380240429058
1670960174872363010
1670960219482910721
1671240046907645957
1671266054063140865
1671303414746329088
1671304094382735363
1671326411657818118
1671357734330023936
1671386174961639424
1671386243744014341
1671386423398637569
1671386472975327232
1671386530038808577
1671510086139748359
1671516378484953089
1671528567266582528
1671548514159980546
1671548560037277696
1671549831137853445
1671549892752297984
1671549941573992448
1671624241941291009
1671648670754668545
1671648779970199553
1671649018110148614
1671649321027088390
1671649464543477766
1671656984901189633
1671657029323071489
1671657116136792064
1671657149309542401
1671657186664095746
1671664360177926151
1671768163699027975
1671866754014801921
1671888706427568131
1671888870030594049
1671889112876584968
1671889306561187843
1671905437162123266
1671941856463142914
1672033060408156162
1672040505243213824
1672091445807706113
1672250147793776640
1672250312084652032
1672250388995616768
1672250443378860035
1672250477013237762
1672409675302596612
1672445303327281152
1672602065191817217
1672654301850931201
1672680599193022464
1672705064614363137
1672753889139982337
1672798708650463233
1673031802875703300
1673091947118862338
1673092171153416195
1673092668878991367
1673092758108614657
1673092801070878726
1673093238356312064
1673093275853438981
1673123075045425156
1673148666545094656
1673155256690040832
1673155424659419137
1673155863324835840
1673156208541290496
1673156375713656832
1673237067990540289
1673472131332558848
1673544489275731968
1673544531852120065
1673544742234193921
1673544836966756354
1673544895624036353
1673550826835693568
1673556157741318144
1673563444040069122
1673706164910014464
1673706239585406977
1673706353431400448
1673706528841383939
1673706594968776704
1673764636338823177
1673769444596654089
1673770050732318721
1673795143382573058
1673806107599425536
1673807505841897475
1673827969880473602
1673888502189109253
1673905279501475841
1673912279631294466
1673912332232327168
1674063406041649153
1674126808839593985
1674182063212077056
1674202858760052736
1674224912070844416
1674229478980046849
1674242916703715330
1674246658345906179
1674269123440672769
1674330257594220544
1674404488084602883
1674486423326433292
1674523801038495744
1674524492780146693
1674561269439791104
1674565625195233283
1674571502048387076
1674631412538826752
1674632690702897153
1674652539629740032
1674757726218473473
1674761380736409600
1674846816225853474
1674847682232295424
1674857744866631681
1674858010240229378
1674866058526613515
1674884610889510915
1675001893322407936
1675003871406481413
1675008845049999362
1675012449211236353
1675142595893239809
1675213034556473350
1675279428169998336
1675286005040001027
1675286601516105728
1675315837366837249
1675328790527102977
1675331891921076227
1675335183594037248
1675386630960558083
1675505739362648066
1675510437989761025
1675539384995807239
1675541867817992192
1675549077906259968
1675576100879990785
1675579029619892225
1675584775636000773
1675584858595155972
1675585003109924867
1675585231045230593
1675585282945548288
1675585974695239682
1675612030856773632
1675634757013581830
1675681290576875520
1675701734805577729
1675712148633165824
1675723026174734336
1675807152298946561
1675809481777659905
1675832834794176513
1675871095138705410
1675887957234921473
1675900285363920897
1675902198147092480
1675908032973119488
1675910932306833429
1675955684708425730
1676024344776941568
1676037363942793217
1676043330642227206
1676076258332151810
1676076387633954817
1676077512651165696
1676078763078025216
1676085995832213505
1676086311059374081
1676092404288442368
1676204420839747588
1676231047199989760
1676367142436913156
1676444401629888513
1676491748200120320
1676636886339649540
1676637698906357767
1676638323555565569
1676638566384906240
1676638814977097738
1676771197009240066
1676774130266374144
1676890581383905281
1676928610819768320
1676939519138856962
1676955921979965440
1676972584443973632
1677011207671406593
1677052550145515520
1677053659023286272
1677056386012700675
1677058383336071168
1677059177800253441
1677067846617104385
1677073883810103296
1677110021878956033
1677112087628185602
1677154669133729793
1677171892913061888
1677241740548358145
1677241976779948033
1677289552153571328
1677358820144844801
1677394401180680192
1677477188164112386
1677480246239457285
1677490025062100992
1677492054275031040
1677527055649390592
1677528200044326914
1677529325157883904
1677543949362184199
1677545397785337856
1677547778006810625
1677552361135325184
1677556192535519232
1677558764638027777
1677560996796276738
1677577840131452928
1677619385228308481
1677710963020111872
1677726989170491392
1677879775791050752
1677989028895895552
1677989991840989193
1677990545505898497
1678006288364589057
1678109822879948800
1678109860171325441
1678109901258727425
1678109976340856832
1678110011627810816
1678121626255122435
1678130862494212098
1678150054446792705
1678186168997781511
1678198242075443201
1678200155848208385
1678201835994202113
1678207697349496834
1678209564599103489
1678230329264422914
1678247783428505601
1678308112560709634
1678542717905772544
1678543960246042627
1678565394829783040
1678700475925889026
1678723000110022659
1678778302184722432
1678863269635694593
1678893176269205510
1678924549553901568
1678993919579770880
1679170121036709890
1679186787069984771
1679213485962457099
1679223198968152065
1679246900095078400
1679365893095079936
1679494459107549185
1679518897387479041
1679519066032074760
1679519225902145536
1679532899916210178
1679569874153078784
1679570028130189318
1679570511313993728
1679570598056345607
1679570650720006147
1679647578126708736
1679652722398617600
1679654771236454401
1679659026680782848
1679662118663073794
1679662591990177792
1679663292371828736
1679663497330712576
1679663984889274371
1679700831937986563
1679726173041901568
1679745113273126913
1679750016469008384
1679754482601607168
1679754931463495680
1679758978236989444
1679852041089466369
1679866327350013953
1679886155301498881
1679976490123788288
1680059928004763648
1680090476089692164
1680093695197032450
1680102631845363712
1680246062647324673
1680246456848875525
1680246553615691777
1680299184644030472
1680316076062547973
1680507511361740802
1680574493385793536
1680578741548752897
1680596849709977600
1680615729228312576
1680635438338392064
1680642410274062337
1680689764260016129
1680697509818032128
1680697642542563330
1680702146117881856
1680709756346941441
1680729146849148929
1680779834065133568
1680833732733997057
1680858071818436609
1680912785994129414
1681038525116960768
1681054919506141184
1681121378014035970
1681146654404096000
1681305881655525378
1681308756523757569
1681326589093584896
1681336968221974528
1681339278402502656
1681346500520034304
1681346552105779235
1681346972995797000
1681347022555693065
1681347084530728973
1681354715085303808
1681366129036648448
1681500672024354818
1681588410094440448
1681666459779448832
1681743581797822479
1681753348226052104
1681784815819931664
1681805752699158533
1681808333030805504
1681843030326747136
1681915676909355010
1681931404332900354
1681954625849638912
1681964431322824705
1681971036378497024
1681971924690169857
1682103406456975362
1682111939030204421
1682114531953106944
1682134990669086721
1682171552199049216
1682176542737088514
1682207184971616258
1682236191683248128
1682236230082211840
1682237656757858304
1682237862266171397
1682237948870139905
1682299361311555584
1682333685528535041
1682408528349130753
1682446151151243282
1682452942694109194
1682457543648464902
1682480506435190785
1682498129696899074
1682551078263373826
1682651713897914369
1682721548518522881
1682775463499042817
1682884543739559938
1682915028045819905
1682915785147293696
1682916218939019266
1682916872633679873
1682916922633887745
1682963815187755008
1683111000373972994
1683152923377713153
1683164205799600128
1683164239307866113
1683164430937276416
1683164501070303233
1683164535593508870
1683166081349763074
1683166140648890370
1683166253660110853
1683166309784141824
1683166349353263106
1683214440370405378
1683222216694018048
1683249379770003456
1683293832186585090
1683307261832093697
1683346704160964609
1683369231411232769
1683408623207161856
1683420524049833987
1683465660372860931
1683500397309091842
1683541291689230337
1683549288020803585
1683551884399853569
1683561999727226882
1683596996052140033
1683655990548348928
1683690090164367364
1683708923755237376
1683870539302023169
1683875611234693123
1683875671754387464
1683875870941892608
1683876043197751296
1683876103998386185
1683876354503192590
1683948143447097344
1684051603328839680
1684065444905320449
1684068399272325120
1684072231326846977
1684073002525409280
1684248088657920008
1684269512831401984
1684435204499181572
1684451239004606464
1684453371900559360
1684454495898439680
1684455601365975043
1684468478642716673
1684470041893392384
1684471995730202624
1684478351711375362
1684517281487806465
1684731028773171202
1684777352838979584
1684781156338675712
1684783149908115456
1684789930638102528
1684797449863405569
1684815968319545344
1684819346676211712
1684822489946378240
1684823827434389504
1684831546249732096
1684850307736465409
1684997039573110784
1685031872806453248
1685046727353511936
1685121528919142401
1685152172122546176
1685249611672231937
1685388065404063744
1685403481992237056
1685411397252059137
1685518456219656198
1685528292114178049
1685540561149665280
1685550680751087616
1685605843511762944
1685645988109656066
1685703363961196544
1685798064336855040
1685977472280465409
1686049746752880653
1686088273309958145
1686122012882739200
1686125072086380546
1686126292453015553
1686128534689820672
1686199854945501184
1686218619091398657
1686221102698086400
1686253782789668864
1686337207424913408
1686397907920900097
1686469626627039232
1686472740293709824
1686472824288911360
1686478594447400961
1686487393732382720
1686500205145759744
1686541396704890880
1686548277754208261
1686555295567224832
1686558215209656320
1686566521810632704
1686567421585281024
1686737659652182016
1686826935848951808
1686892853832605696
1686896780623962112
1686916963426050048
1686917613325082624
1686985693132972032
1687138616626094082
1687185591245365248
1687186379535511552
1687201717073428482
1687221612062310401
1687258539788578817
1687274721602142208
1687277322271932416
1687279159792300032
1687299903884521472
1687301983407923200
1687331115940315136
1687339318962999296
1687342437964959744
1687344644290461696
1687345413873909760
1687564836249423872
1687611250224615426
1687627523981504513
1687638159062953984
1687673234739564544
1687688189572505600
1687689160180568064
1687732097945948160
1687735984706740224
1687752694801334272
1687894487597563904
1687928173122519041
1687997398440869888
1687998652533420032
1688011087222878208
1688035742973366274
1688046431779622912
1688050205046792192
1688057216710881281
1688065190393270272
1688066518918086656
1688067576411115520
1688105078857543680
1688117621474873344
1688184620129431553
1688204022262431744
1688211201799720961
1688211442560909313
1688234206424371201
1688295365601067008
1688303671270850560
1688305290431610880
1688338850387517440
1688347681989525505
1688363426505175040
1688366281840349185
1688372695660978178
1688406171147747329
1688412104481755136
1688414992993759237
1688422924569694208
1688424698952941570
1688437442901336064
1688461516821999616
1688503191954984960
1688515777131905024
1688526331569467392
1688526599908446208
1688538231585796096
1688560718847627264
1688568598887862273
1688571531004166144
1688575622077992960
1688579493458325504
1688584921861042177
1688585318084100099
1688595906696822801
1688602653780070401
1688631282660491264
1688647191923986432
1688647462628552704
1688647797136916480
1688653021129891840
1688664242268823554
1688664458879541248
1688664990868291585
1688665176021532672
1688665515013578753
1688669613746229248
1688673385499267073
1688677545099599872
1688678079650992130
1688682832606937089
1688689171982909441
1688689260851761152
1688692668929282048
1688692684657946625
1688692793047154688
1688693149042982912
1688693334603141120
1688700269473763328
1688702903056297989
1688718234336317440
1688718466629652480
1688720059978383360
1688721259071254528
1688722223337713664
1688735345175650304
1688735590164889600
1688736416996503553
1688736789643567104
1688737071676997633
1688737934306869249
1688746097089339392
1688750466442633216
1688755865354895360
1688756504092946432
1688765234897403904
1688783546314366976
1688796350513549313
1688796800545632256
1688838296057585664
1688852018897539072
1688902110862045184
1688943152051163136
1689000984423563264
1689027808868089857
1689041102420971520
1689056444669136896
1689067862156046336
1689068253845291009
1689083043187658752
1689085207553466369
1689085888771268608
1689109374420013056
1689115480412372992
1689120491867348992
1689122949700239360
1689141618715377664
1689228704923209728
1689235928827535360
1689278404992835584
1689341033476403205
1689401529621475329
1689421178958708742
1689422013041897472
1689422254461861888
1689423166618157056
1689423284444528640
1689423397309075457
1689432153988149249
1689454075174330368
1689465013793067008
1689484316084973569
1689484392714977280
1689484555713916929
1689484613989621762
1689484647250505728
1689502670837428224
1689509800567037953
1689579531470843905
1689579815672725504
1689580335078510593
1689580451600404481
1689580491203133441
1689580723559178240
1689583063448113152
1689640609307656193
1689672354702479360
1689784994657439744
1689790215274008576
1689790376243023872
1689800999471357952
1689804177881415680
1689833910224474112
1689836970514501632
1689839354909184000
1689847457243394048
1689851727342616576
1689879858883579904
1689886240605126656
1689887288539721728
1689891038234599425
1689900525204987905
1689988125567627265
1690050456590917641
1690078803656097792
1690080417137750016
1690091395107704832
1690131509028818945
1690205106711531521
1690221293663330305
1690276452141318145
1690279871384088576
1690300428141854722
1690347637185081344
1690456117359570944
1690544100431265792
1690570768617287680
1690575017036111873
1690588758544936960
1690630212206407680
1690740455359602688
1690785486602674177
1690809388989284352
1690832872922361858
1690897772734808065
1690927393806893056
1690952329971826688
1690977100906242048
1691190976595759105
1691205059114102787
1691225341178576896
1691240859038076929
1691257988491927552
1691281564410195968
1691285193959620609
1691330650018623488
1691339063524003840
1691340985614114816
1691349181384863744
1691367352389058560
1691544097687834624
1691549925362880607
1691579529855222092
1691649204236489007
1691656542947258515
1691657918163091587
1691784171998363788
1691808509828968919
1691880213750112292
1691908944489304068
1691912746206638266
1691927612480790795
1691931819791241399
1691937883056226779
1691952644955210156
1691960524194422789
1691996411988947032
1692064840032956918
1692064935461712364
1692065630155919525
1692068938761556402
1692167823492014130
1692168112181788978
1692169747083788359
1692169802633159012
1692203502624510200
1692307460760191023
1692309546159480834
1692323141429682442
1692354057875173695
1692406444862144530
1692679461089443972
1692721796099842476
1692726981169668353
1692729640970834405
1692866119227322686
1692929657404879246
1693008143922384985
1693014138803368215
1693149491711418781
1693328534633406789
1693336631711875348
1693342194868879585
1693371808500552031
1693384525336690984
1693389232872497413
1693575464059601122
1693625603436458447
1693672862081483124
1693673071100448946
1693677864321781845
1693679649589530943
1693681131227435277
1693683818170023983
1693721045486690517
1693799260100178416
1693806447812096011
1693850031390957613
1693875985710510288
1693920767791022101
1693923005481570554
1694145310229254537
1694181649557184579
1694212864247247130
1694233646658420871
1694274858492829785
1694277810142011571
1694319823004516564
1694334009847726088
1694424883877286398
1694475596917547421
1694488844215738754
1694499745526431752
1694536777531297873
1694556720163365353
1694561386163052928
1694808094755242079
1694818300998328324
1694927679106044081
1695144296427532542
1695158054222721418
1695165106089316852
1695179894039478335
1695241091392454973
1695247957564502161
1695299993416937474
1695302475840889213
1695461402222461159
1695528480820125729
1695572204996485176
1695643506721632418
1695695778650390878
1695877965299536225
1695879033576140986
1695891091818459382
1695984430874018015
1695991881035878456
1696002647172469247
1696124679356928480
1696210901072810430
1696238160936661193
1696250161565937949
1696308819440160819
1696338600286130538
1696350845984539003
1696355238590943617
1696359363684733369
1696372313577660482
1696396754416279997
1696451873828708727
1696495207984869783
1696549604769100227
1696611447332094413
1696634648133062837
1696642301802487899
1696643754512302205
1696678643299221529
1696688359186350304
1696723409625927846
1696886090328687072
1696886418298024222
1696887320962584643
1696942666192470070
1696971831843107224
1696976707595677709
1696976935778164923
1697008562742886900
1697021368762544308
1697023003660263850
1697025155057234236
1697033935564288351
1697038565861921001
1697108616606572899
1697116407530483914
1697117122646749572
1697261668047495258
1697263623813419085
1697290640395038805
1697318810137567620
1697322116486402555
1697358796858007832
1697379938536460789
1697380591660896271
1697380911271022610
1697380997099110417
1697418022456045770
1697515773579681916
1697536760564101489
1697572532281283027
1697598388441678233
1697613799312838906
1697629990357979466
1697630090434142523
1697632233866076413
1697640972648104205
1697643253321945170
1697643642423325135
1697735283632914614
1697775672926564842
1697781381320102032
1697880541196853704
1697880627708653975
1697939283317801188
1697984756376318430
1698034574977118301
1698111093506220148
1698136875771343050
1698143059131744435
1698146834143657985
1698159660325372036
1698165118960324903
1698202456335802603
1698208010013716564
1698334950607458763
1698335049848860934
1698335188437127460
1698355184412323869
1698411039103340947
1698424534838260099
1698437666797244611
1698438363949240563
1698471514759213294
1698494926244212910
1698684281139212540
1698687340141502650
1698743029451170086
1698770575106163125
1698799969681997841
1698896648720498930
1698898222792511778
1698925031860981972
1698927371070378403
1698954327161749825
1698968314511278094
1699123925450420356
1699137055995875772
1699156039164215671
1699250135845277764
1699295463319474193
1699298316075327725
1699426836235555298
1699587847823429861
1699587984096407586
1699588160588517515
1699588239231758505
1699630922503540801
1699645470702792822
1699776454915965235
1699848838821958044
1699848915728675047
1699849020720509186
1699849123149623558
1699898039815606297
1699969456171094022
1699975540181016723
1700005595892384100
1700013094020276732
1700123039935959406
1700123125604589766
1700123203367031097
1700123348049527057
1700124655221170266
1700124714465657137
1700124763241206055
1700124894573232538
1700127784784257433
1700128173327806908
1700128424658968877
1700129487713632706
1700130363060699508
1700130408648548750
1700130482363449670
1700130673229496798
1700137750995853317
1700138962596122785
1700321985442590903
1700384161419153590
1700387273043300850
1700418134333673566
1700429828694929631
1700561562052841845
1700578415554744619
1700601279628653048
1700732299220799699
1700773016446108107
1700797109518135719
1700804047400231210
1700959967254106485
1700960819574423800
1701009362129674411
1701060004327927837
1701060187556368629
1701095986293030972
1701130382513709114
1701188213644116094
1701264146442887588
1701264219495162059
1701264729333809173
1701264935714464014
1701394779647459625
1701403261217980529
1701408953802863084
1701471176529158577
1701493905466740917
1701601640669942016
1701734829958566017
1701760932060246139
1701772663784395248
1701772817031721405
1701803767329329271
1701821644644213059
1701967072656310447
1702035876107124923
1702038861856051684
1702094760960246204
1702096876185542731
1702111811712016784
1702323755102736607
1702477691742544088
1702480177815535726
1702485786992533969
1702514868971041082
1702517468558688508
1702544605181563035
1702547048384663592
1702659673223032850
1702669511780929660
1702684102149709987
1702704625550586342
1702739053165117656
1702760822274138545
1702833209380098321
1702865490719244628
1702899354036539839
1702900491296883126
1702985528587514353
1702987515056083455
1703031228457214375
1703072563629625532
1703131081011040377
1703280588877136188
1703290131250037146
1703294770502905926
1703296209891283172
1703301736729829737
1703303116303589595
1703310299086872808
1703317722384216185
1703487666514268502
1703487718003466712
1703487788157427859
1703487928427532560
1703547087562866730
1703547124967719030
1703547172887670851
1703547293566197809
1703548591673835638
1703548643184177315
1703549055341605170
1703549244466979274
1703603923838238998
1703608872370426330
1703625106604343373
1703626049278349594
1703630005266198597
1703631901410447724
1703897657133944956
1703905068402229346
1703986617914974394
1703993450327113883
1703995678626549832
1704099045721956550
1704218440666390806
1704301771206660229
1704490261672251634
1704589867517202715
1705006939359359442
1705018739563925806
1705078022200541301
1705113133486883167
1705268243558990108
1705303240949010845
1705305229464412165
1705370716407992664
1705387271653134670
1705392879127117979
1705608636754505833
1705611672981803440
1705767949049450962
1705945666160152823
1705950112789221791
1705950210814312797
1705950259082379540
1706022458313396469
1706074247330775452
1706154265780047969
1706179875294388545
1706191781069480049
1706228271510122988
1706263324151664960
1706400682503205146
1706434407567859845
1706445525430542338
1706492356407501188
1706513468264976413
1706513557918015594
1706513642416427307
1706513689707204631
1706611586129924503
1706619329096110092
1706704897758970141
1706839146344378564
1706841358538072295
1706853384530063686
1707070767974809618
1707163092894024139
1707201060291424550
1707243411999269062
1707261389834756440
1707261714213765506
1707328883706507418
1707415630293459251
1707437065799926182
1707455456975978722
1707576894118396293
1707789526855254280
1707849222685434001
1707879775329566960
1707930439699026375
1707938122183631353
1707942103525773712
1707944299529187654
1707946837481497005
1707949916725653722
1707989741927305727
1708122410191315235
1708353537506185447
1708375634441851193
1708476287617028115
1708512374133555329
1708521237293437104
1708521307900432667
1708521370642964520
1708523075548139743
1708523629909008385
1708523834838536267
1708523907437727926
1708524000819716533
1708535955429216667
1708536094621319224
1708536148463628757
1708536189928526292
1708587718803095757
1708977502226424037
1709252945928130571
1709332911827083311
1709333911455584454
1709334303497187631
1709346936627605834
1709355118427066572
1709355441627570281
1709358386809098411
1709358472867856567
1709358522436047205
1709358687297360340
1709360313198420154
1709360375584465236
1709360422938124605
1709360658804863332
1709360694850674775
1709360759455490147
1709365746046742792
1709365855824318516
1709366124335263806
1709366249170358566
1709392248054439941
1709520834442781161
1709633429195698666
1710047336913596807
1710098401713434787
1710101272068518226
1710109401636348308
1710124484244447272
1710131089509920828
1710138641631023401
1710138723793351096
1710160253793247278
1710331185455317396
1710331341248610818
1710331451697217949
1710425292899037676
1710426916656721941
1710432726426210775
1710433701262159976
1710434685518598252
1710512455711858835
1710537909743276439
1710541733656719558
1710673091578266046
1710758806001525164
1710846409614709206
1710894163246416325
1710923881475649934
1711030022960480360
1711100188578693272
1711101352779125135
1711131285005946972
1711184052424679847
1711188520813908254
1711278901199008216
1711278996418122000
1711467489475907711
1711502994515140679
1711512645973524754
1711519047341257106
1711721005628936597
1711740093034295756
1711765159083986953
1711767841676956021
1711808870761332759
1711821766786777325
1711866150550671454
1711969885532680480
1711969977077576162
1711970022371872923
1711970594521067729
1712128451761553439
1712132188974489726
1712136654637474041
1712146023156416695
1712164397223723300
1712168495192891611
1712168545130270836
1712168645491621895
1712168746683359318
1712173186614173960
1712177879922942362
1712237049569235017
1712251584682332345
1712274182493405522
1712274557946429904
1712274636249952664
1712275096180600985
1712336960050667924
1712340051504312669
1712343201468547261
1712348182154187053
1712352402710348139
1712357934338813957
1712360850013487147
1712394502638342526
1712668801706172576
1712669040324248022
1712669112441123227
1712669546773909836
1712675076510789731
1712948866541072454
1712948902092046356
1712948937127063872
1712948968089342025
1712988684402786385
1712988735652888927
1712988791122673957
1712988829718573414
1713032728508035217
1713036170014212183
1713037296704921810
1713100411777753161
1713114626299228666
1713119860455026852
1713130212840423930
1713135125985186014
1713183141538472388
1713185878028288287
1713275009740009861
1713460508869997047
1713572789880340655
1713575336615514528
1713638739539345661
1713639604589322505
1713660891655524496
1713695370310467731
1713703797359292454
1713726801040576895
1713730552145002830
1713730625830588463
1713746529423356049
1713748846897992189
1713758023074681065
1713775651914674397
1713856258460262708
1713947892103237640
1713979061549035773
1714293982942134344
1714494181312221479
1714709632143552516
1714810122101305383
1714818110409089376
1714840943952642077
1714878589588451829
1714959111580782792
1715040325117337620
1715267102263693580
1715284570935881816
1715353525323026506
1715475517988634809
1715476347013730717
1715476477481783759
1715476565541175698
1715592637544124897
1715600692537151649
1715604682716921906
1715720635803189353
1715911228155900319
1715922512855372080
1715923554284302772
1715938553677361650
1715964083651178747
1716132705677476175
1716132808538694046
1716144178399227996
1716173383358947401
1716173843109220599
1716173883127091337
1716174036886028342
1716194203133206544
1716214506118918189
1716298720118034921
1716319232030326954
1716320270800003173
1716362093841306097
1716457973445272013
1716458144631525706
1716458278241112126
1716458348126625920
1716459481205211314
1716459521713877321
1716459667197460519
1716465302869868593
1716465404434886747
1716497755403657318
1716503774208885009
1716503973698453531
1716504106032857439
1716504187083641239
1716537863385256207
1716666176846070113
1716673596674679076
1716679080169361413
1716888817813389812
1716889174589198393
1716891728995877162
1716892131691003921
1716892566581641595
1716990687474778135
1716991141621424530
1716992588186542463
1716998415807029491
1717084324351156257
1717085727823892949
1717088237808673076
1717361264328851816
1717365615709634954
1717379178582991232
1717399716588093887
1717409785706897587
1717536835373539793
1717538710671987057
1717539537415459015
1717539888369643970
1717571053373784524
1717590267585343868
1717906001574105469
1718020109489304030
1718078086099406917
1718115693005087034
1718144147423432995
1718144418593538526
1718144549967499678
1718145022070018163
1718149484448710697
1718149810769846683
1718149997017829774
1718156040720753151
1718181769005183183
1718277442123764183
1718322533282308114
1718353606234062900
1718379171401847007
1718597332214636847
1718620058891526448
1718621419737604578
1718631938779439572
1718632544718270707
1718636645941993617
1718636820613800050
1718636962448282042
1718637233891152006
1718641338407657892
1718641553487368360
1718641697943351479
1718777911958745237
1718785608577909051
1719081526971789538
1719148643574587518
1719328412588708117
1719329710830670053
1719329758851256830
1719329810609021164
1719330270547988882
1719333738276872242
1719333796695130500
1719333895743721980
1719334331892601271
1719426751346991411
1719478175997051166
1719483501588689095
1719519305648283967
1719764506434322898
1719931250943643836
1719931403104612712
1719931510382289038
1719931544410722642
1719972715010863595
1720101401572057280
1720175263063879883
1720463581022478721
1720507146813456839
1720513644499177765
1720614339286077542
1720617769773793521
1720628213557145964
1720629584209572070
1720638903722315882
1720658826343432412
1720663387019841589
1720688350212890917
1720878181052260510
1720881718314381595
1720898131552801170
1721018932709171451
1721072768236581357
1721254635602665979
1721269915766710477
1721299538537783578
1721324129154941077
1721451068318503372
1721485383383257290
1721485728176046262
1721486097761419422
1721570172173996499
1721653839206465620
1721680910339248333
1721704869029921146
1721888374922019148
1721889102080168266
1721889242849407201
1721890461886095412
1721986563947590033
1721986613746466937
1721987505598169303
1722025162097238387
1722040088765350350
1722064378508308792
1722064611615117431
1722065259093983742
1722065319722729599
1722082147362898094
1722098723411398783
1722244463916126319
1722245413263286284
1722245987752948057
1722246514872103173
1722247028628218122
1722273743383441635
1722338698031771950
1722340302554316945
1722356749523361886
1722390068176756838
1722407694454141025
1722409239086325862
1722430017433448589
1722625248351354944
1722669345048850930
1722674113062322307
1722745711815807007
1722779107421716815
1722801143481303494
1722817969170899262
1722834456652689911
1722837411665752192
1723024757434593649
1723038077675856222
1723048753110651131
1723054134612381764
1723137088638345581
1723162148648415360
1723446928061669645
1723447184169865397
1723480102330151008
1723525748693090411
1723562049068802192
1723569521720434729
1723705373197037764
1723746611530965384
1723777647304442319
1723839489305444823
1723839904780534017
1723879550793257083
1723883143512379454
1723907674314580415
1724158286339932351
1724178721609814097
1724211400967434623
1724246182648545467
1724402717278503090
1724421173948105173
1724421585677717762
1724467548769370622
1724485085187944757
1724485547656122386
1724488143414452424
1724628372733448486
1724942118635057423
1724945898088620265
1725024159003004933
1725146211097665662
1725164146541416895
1725213427835289760
1725289390774145352
1725365340471767197
1725497632464728088
1725590133984932108
1725598129393991713
1725667694656053731
1725674060590231676
1725748495217197565
1725793953402831147
1725962758242333011
1726021046682137003
1726057131781095735
1726069490494968277
1726080285631037567
1726082888960287018
1726231132667060675
1726326073724387381
1726326303010275523
1726330903327342715
1726334792269230584
1726345831677149667
1726402450632950169
1726409446455193912
1726442119445831855
1726639468881601001
1726760587927990696
1726796076110557674
1727128752847827255
1727158957586973098
1727192270665920576
1727301431139439070
1727400148404523406
1727506775820095879
1727561204384575797
1727563855289585725
1727566580400247136
1727604405241798739
1727623556786249795
1727700480414113833
1727718230846837178
1727782882356208019
1728141151515857357
1728147894266384641
1728192004784599265
1728394973765124184
1728417292743053377
1728600269196497339
1728661825745809812
1728682867167826263
1728829990077374583
1728831724967338152
1729325442883031142
1729421889020592592
1729611794690326556
1729656960281129412
1729696279570133462
1729711081289908273
1729854910332584333
1729903069784080396
1729906096289042697
1730003343194415480
1730219578221818047
1730219678084030477
1730219757423517770
1730219968300532111
1730270458895896914
1730322782443991118
1730322851784253661
1730322908524761284
1730323780679962678
1730433076596027455
1730460818880254362
1730460956730257768
1730461303502713060
1730521643909263472
1730685779368665414
1730779592229613593
1730787360571310148
1730795934102049228
1730815281650384987
1730908418372940000
1730983609933218048
1731130960920375484
1731145281570288071
1731210315184926909
1731221549615624211
1731226199551041564
1731404526341492967
1731487202247430615
1731487308317176093
1731487722827645330
1731488256435335660
1731488367047532912
1731861281785704632
1731902325818593761
1732064807883612376
1732115762389627180
1732231668063486295
1732234100168093721
1732282199381094571
1732290671476908112
1732402115878805850
1732546078841471367
1732564648463868274
1732602464162001169
1732615430919815507
1732638267148026106
1732872665583464489
1732917898857890042
1732918426249593224
1732937127816528039
1732962675229954354
1732968935094431942
1732970750338879727
1732982414278869021
1733271995360370840
1733312802914247153
1733322701765329017
1733433097847496954
1733607433468309741
1733691331346661532
1733712543544181238
1733910657681047767
1733993614299087019
1734278198018318614
1734278294004994361
1734278400699752466
1734279421769466334
1734279747406877073
1734335302150377876
1734785097105031526
1734794628795191752
1734797665345421375
1734812504285499819
1735031545545547960
1735173890270171237
1735411977873187147
1735502344467386802
1735507576136118637
1735509247096438989
1735510760002896090
1735641059441672399
1735701017260384608
1735717786444337439
1735833301766529459
1736238709886845197
1736327803556028615
1736382292665508263
1736464994793861282
1736503492632539202
1736523062021902832
1736607520783831377
1736611626600505647
1736906720029376984
1736937009283731456
1737067845518049564
1737241204490899946
1737242418842423720
1737242725261414539
1737244804810219714
1737244806135619907
1737296935965409655
1737337196670284127
1737337956879188239
1737438448179695692
1737560772849377769
1737659397092905386
1737684084791415092
1737684686590136730
1737684993592131687
1737685275344544237
1737685710205747373
1737687233807749502
1737688150485467404
1737847250750177623
1737901055558517138
1737931902512734295
1737935209469804684
1737946086265000069
1738009333810745774
1738325939078021139
1738365007971180939
1738573172381761537
1738712221524394201
1738717522558357920
1738724747460882727
1738728045886804228
1738751125459783930
1738790735082594488
1738845166272741724
1739036033285497342
1739042094998519843
1739107264844153007
1739215417460068506
1739435588195881139
1739443920239473001
1739507279202865256
1739516120934031710
1739688373705416996
1739710160795217976
1739888807879557591
1739918848759927076
1739919011641536731
1739919083770974512
1739919164972712260
1739919414919635293
1740212564565585925
1740221144953958642
1740408744809566340
1740442014255345712
1740442668982047028
1740451075982037388
1740478740084478095
1740504697285362160
1740542805246947449
1740578975209193487
1740640467115712937
1740737160180117874
1740737302706680287
1740738555519930419
1740791258325618940
1740796691295723561
1740935899754704973
1741050028771405861
1741175599782052332
1741230093320479219
1741261297138749661
1741351935033151885
1741590421506072761
1874484891905376707
1877838752187331033
1879115716387021287
1879619201780097258
1879619451194331637
1879619956146577629
1879620096722964812
1879620156814721125
1879620553285443727
1879620809347760520
1879620864322552263
1879620948992868751
1879621054001471896
1879621090370269640
1879621121718591581
1879621155818230064
1879621173685940604
1879621201305477148
1879621224894169337
1879621311561093595
1879621351386034422
1879621415256858682
1879621453999706319
1879621486069370953
1879621514892558769
1879621561176756497
1879621581305159696
1879621671554105457
1879621684900356148
1879622809409949698
1879622949201916058
1879622982987096069
1879623029816492538
1879623147940638966
1879623168350146948
1879623264617779364
1879623361934008760
1879623391151542281
1879623412106317932
1884780849935081659
1886524359851864131
1890581181961306317
1891299911116685747
1892945277356761417
1900652602720698391
1908920863962869948
1913067161855160792
1914476018661818836
1914487335175033136
1922467974289485857
1923752591436972142
1932840012942291323
1933370869650256283
1935212279504715950
1966149983935279402
1966281879398895998
1967319214559232413
1972766343721296056
1977622440890245541
1977771813494264160
1992566289873928515
1993073927753469970
1993742891932340649
1993746635453788222
1994246660319486071
1994257587282276575
1994406617438458345
1994522083326660883
1995201363136159898
1995219771634459067
1995490184650269178
1995585127779631515
1996090313593815283
1996342943171707054
1996442740310331398
1996524852166201713
1996722631471779911
1996804493858762924
1997115742555443359
1997414412504989964
1998541870524162192
1998637940189147184
1998845462724694088
1998997864719274292
1999563835103953067
2000041694239035637
2000097677933994404
2000225498312397075
2000783112385564852
2000784310404632823
2000784560078921922
2000785825638834496
2000785963534962904
2000786178006471050
2000786404545061254
2000786636544561529
2000786836575142216
2000787114623910139
2000787333130432915
2000787992059814084
2000788286483116518
2000788596857450559
2000789259238957179
2000789521009664025
2000789697195311584
2000789826619290073
2000789964905128122
2000790174834548989
2000790332523356249
2000790508818588135
2000791087271829577
2000791242565935400
2000791591188119729
2000791787758346294
2000791958193856830
2000792202872570054
2000792641143751130
2000792857230369174
2000793043025220025
2000793254774935952
2000793574754115954
2000793859253788764
2000794020155675069
2000794597954621937
2000794806797394006
2000795174314893561
2000795389524648314
2000977437887537213
2002080426148659426
2002271885485347093
2002273086679203882
2002341545245360493
2002834037027864612
2003225973014303153
2004183786049950104
2004339466891415618
2004595300368064937
2004676418702377279
2004676420254269612
2005420334204477762
2005940575699095817
2006188646060146750
2006505828984173016
