1212196906178433029
1212837045665751042
1213050313734807553
1213242562749882372
1213472558756048896
1214250374246404097
1215653683511406594
1216163060391350273
1216682127028301824
1216715808153522177
1216816667570864129
1216942152061804545
1217526825485787136
1218737385611190274
1219747350794719232
1221243599624589312
1221638339029295108
1222114876438589440
1222744371252154370
1223726711805706240
1224668275902222336
1226281951545266176
1227479019442057216
1227938719627218944
1231012709346443264
1231654854784954371
1231681519611207681
1231696350498164738
1231717744430718979
1233852816025767936
1234504163003895809
1234552553930706945
1234932583953305610
1235778384459968512
1237456030004662273
1237538997410205696
1237624360883703808
1237624407381729286
1238579983565512704
1238960779883433985
1239070607486091264
1240252863709941760
1241018470977998849
1241019612646473728
1241022170303774720
1241022825659539457
1242199227553415169
1242253794517401601
1242731432252002304
1243295953500745729
1243941288325591042
1244109727400935425
1244152694824144899
1244868673493504001
1245670111928881152
1246253950086664192
1874277665689235890
1874484891905376707
1874505471283110163
1874576869351415974
1874890710132154788
1874934671508930878
1875032848295690743
1875416837728694544
1875640241979335150
1875983506041667730
1876169492348461280
1876221231684624452
1876339752439312767
1876469897791967507
1876488687602806926
1876699184755085631
1876731368421351850
1877178031837479395
1877485065896145322
1877564569675043083
1877629144542097433
1877838752187331033
1877894310479167782
1877901328749310356
1878181754575434200
1878181959609823333
1878182265026404630
1878182464763428934
1878182959653560531
1878209831577727129
1878215039032713634
1878224765686526292
1878319475763622370
1878397301753794652
1878527474100740567
1879030709853319404
1879115716387021287
1879117042793762934
1879180937835303080
1879181030034375166
1879339549606003053
1879344162727981242
1879425746009313331
1879594068659069198
1879619201780097258
1879619451194331637
1879619956146577629
1879620096722964812
1879620156814721125
1879620553285443727
1879620809347760520
1879620864322552263
1879620948992868751
1879621054001471896
1879621090370269640
1879621121718591581
1879621155818230064
1879621173685940604
1879621201305477148
1879621224894169337
1879621311561093595
1879621351386034422
1879621415256858682
1879621453999706319
1879621486069370953
1879621514892558769
1879621561176756497
1879621581305159696
1879621671554105457
1879621684900356148
1879622809409949698
1879622949201916058
1879622982987096069
1879623029816492538
1879623147940638966
1879623168350146948
1879623264617779364
1879623361934008760
1879623391151542281
1879623412106317932
1879626953155850677
1879628165682958780
1879636270135324915
1879637138633007306
1879637270896189852
1879677391574073780
1879729801998848269
1879886230206439850
1879904298173333527
1880037503694213424
1880037945014645127
1880041401406169220
1880208974462742604
1880372518529429708
1880449650035159114
1880455082438737937
1880526314853265890
1880547230408732743
1880701318358348104
1880701411333435462
1880984743900237824
1881249334320349196
1881313997049516296
1881569784393019490
1881769688222544341
1881769819772801530
1881809721700831729
1882302351249477800
1882488180064346548
1882531814734225508
1882666836170555834
1882679860084326539
1882920239647830294
1883005792242299351
1883118151573139643
1883139740972765503
1883150467989225517
1883152509369516202
1883516321163616698
1883559885830594763
1883620455116050836
1883766550383247433
1883766790142255282
1883767008761962757
1883767133768933876
1883771201644020197
1883771806668206085
1883772265147605405
1883773082999103710
1883773322506473689
1883773748714815700
1883993344872964462
1884269657689055679
1884326178682745085
1884447066870497342
1884587059870109816
1884659050131960112
1884780849935081659
1884814011717283969
1884814264688595393
1884814623875940580
1884815203428131290
1884815601526317090
1884816038090453133
1884886623034429480
1884961615277162864
1885022719067955327
1885304111760900494
1885335343320150143
1885336480534429754
1885398258790318555
1885565142823276774
1885695059149938758
1885745789546197475
1885810662766473300
1885817091535647074
1885965628919394680
1886060586124902821
1886107477571403879
1886142858748645468
1886143043113562601
1886220811167490182
1886222295024160778
1886260529032806406
1886317079671779595
1886397150805856263
1886397548824314128
1886397786561609796
1886398446040445357
1886487326290817101
1886490702839996597
1886497116471878060
1886524359851864131
1886693303678099878
1886693480023384248
1886694624347001133
1886695075205255380
1886695179387601134
1886700482791440870
1886700907636609080
1886701506130317721
1886902989849264296
1886905710249681235
1886916425731944468
1886923907900330460
1886948953578459236
1887103851771187386
1887136387985531194
1887170923918139685
1887171033301672288
1887326500132671939
1887344393784303675
1887348391656481018
1887579713545380300
1887738026685554816
1887799974039028176
1887806807562698830
1888101436350693542
1888120469276049750
1888156519985803670
1888383921638842471
1888425703441391764
1888481281043996722
1888481371573911561
1888500816450834528
1888829500185571603
1888941405659082937
1889023039154852273
1889134797013852498
1889261857896034485
1889262562639843347
1889262663290814893
1889262980740878627
1889263160504336537
1889264640833585471
1889265054794629520
1889403382789705791
1889506238473343072
1889758307050729865
1889758445722608113
1889816582630809958
1889928290816991497
1890051306297131052
1890426378949951996
1890572691561746500
1890581181961306317
1890643591950745696
1890781823174635908
1890782037650415809
1890821879780286542
1891172385996374222
1891237215541375381
1891244815351689614
1891299911116685747
1891515434752483772
1891521433106260188
1891584895731843470
1891691767566680388
1891723601058861422
1891903314628866518
1891903443305898215
1891903661984428283
1891904070056554525
1891904261610504288
1891907589484462439
1891936287961059435
1891945476452204791
1892134326113902806
1892198443730219138
1892286398541058049
1892361200312189241
1892653747286774241
1892743168996553120
1892758823359684684
1892762922830446789
1892945277356761417
1893168426081796193
1893292616105476250
1893762975736950885
1893796760683692109
1893811408694899082
1893838553710260240
1893853546472202331
1893968190226497928
1893969626150629433
1894089406438347002
1894245698285011113
1894490200417734832
1894853159165849983
1895105481200541825
1895105574099894553
1895105717431906772
1895105757634286013
1895106008944648373
1895106444640366780
1895106506665927117
1895106597812347300
1895106696244244714
1895106868848230752
1895106923998900560
1895107012939092130
1895107441282449845
1895107451898179619
1895107464359473286
1895107659272945773
1895107727954743543
1895107762444468599
1895107790647030210
1895107827351396409
1895107859832283458
1895108030448181322
1895108085594866136
1895108132679962951
1895108273197420620
1895108367678378303
1895108442047873277
1895108468765286838
1895108562076213363
1895108565553012989
1895108719656276320
1895108800392171901
1895108919543869867
1895109093419032729
1895109118660329474
1895109220212601012
1895109392850096238
1895110120528371891
1895110217173496044
1895110291609854233
1895110313483071833
1895110427475931341
1895110743902564793
1895110810470621250
1895110887503224886
1895111265942675697
1895111427850973647
1895111504677990470
1895111506980925578
1895111600090091655
1895111676040495257
1895111716725305364
1895111800510914735
1895112064227778800
1895112817964994941
1895113157636767930
1895113462512263358
1895113699989340480
1895113758281736533
1895114006509031555
1895114014516301917
1895114044819780092
1895114180094509257
1895114198570672261
1895114334445121978
1895114337628381470
1895114435179565430
1895114497838240064
1895115154981036350
1895115251466502418
1895115475840897447
1895115495688507438
1895115529679183893
1895115533885825119
1895115667654721930
1895116212331286964
1895116693271093725
1895117491283862000
1895117552956907537
1895117584863015225
1895117645495550062
1895117672326578595
1895117792044634124
1895117794322112889
1895117861233803411
1895117895866425645
1895118177052377308
1895118208451125701
1895118719375778009
1895118982878830745
1895119203868291521
1895119355085758559
1895119443069673733
1895120558464843993
1895120599938142617
1895120654099448039
1895120758868689384
1895120928885088294
1895121040789192876
1895121100339552720
1895121114042450262
1895121456666726784
1895121508873241013
1895121513507881031
1895121523876200715
1895121809818964282
1895121826402926766
1895122556992012636
1895122617448755518
1895123140088578260
1895123646378615248
1895123696060104814
1895123788406366264
1895123846623306082
1895123891246465307
1895124074709262389
1895124192439476389
1895124399579374000
1895125044377887088
1895125050145038687
1895125083649130834
1895125276989751369
1895125310196023582
1895125659225039144
1895125884505596318
1895126129335509199
1895126226357858437
1895126404838166877
1895126484127502697
1895126498262294543
1895126592822661615
1895126714516193433
1895126737404785108
1895126792664687106
1895127853769076978
1895128115308826647
1895128125929070738
1895128477046841623
1895128640196673774
1895128785218834790
1895128979016712443
1895129471352451132
1895129530437702141
1895129586834247867
1895129819785945503
1895130026817044863
1895130102821965917
1895130116277076217
1895130228294394178
1895130595241468309
1895130731967586726
1895130765815631997
1895130826561724631
1895131077120835956
1895131227331362828
1895131526435590422
1895131627367604451
1895131753833988374
1895131889176060408
1895131895559790990
1895132039310958726
1895132079224168689
1895132261647024160
1895132535182762244
1895132695014854845
1895132823226405237
1895132855941976081
1895132983272833441
1895133043968409934
1895133469316989253
1895133502074487267
1895133634786640210
1895134276292681734
1895134587195396440
1895134960819777623
1895134993338249230
1895135147164639320
1895135183709340025
1895135780399673414
1895135817871360462
1895135956090687490
1895136324442521737
1895136426821579242
1895136561592954883
1895136631490806010
1895136671424786845
1895136691758997702
1895136740953989371
1895136765574574460
1895136942691385636
1895137054411104651
1895137315728531547
1895137363862434264
1895137383013650832
1895137810530848806
1895137869477634124
1895137959273263174
1895138115670491524
1895138371619459238
1895138631993471401
1895138811929108588
1895138830518550704
1895138870104076316
1895138922138615945
1895138983430254865
1895139034172686756
1895139066020044859
1895139132982096345
1895139195418485221
1895139242470179063
1895139288850878812
1895139521680789918
1895139564165177559
1895139900749476209
1895140130123382892
1895140206153548114
1895140391080374397
1895140399162737065
1895140680735039856
1895140972138279196
1895141115575349565
1895141163595653302
1895141166691090463
1895141539409547344
1895141602701807930
1895141803545837715
1895141918465503388
1895142022375182487
1895142075169227110
1895142276403192073
1895142363770630303
1895142407462658212
1895142497267130469
1895142541529620518
1895142595795247406
1895142998947528756
1895143455552413823
1895143774596251729
1895143878807974353
1895144089747890331
1895144476655415758
1895144537850351661
1895144562185703691
1895144709418344901
1895144736614130048
1895144905028313097
1895145126781166029
1895145757088354615
1895145821387272329
1895145825182851394
1895146037997699499
1895146187608727970
1895146328520261837
1895146597274767573
1895146764350468468
1895146789197545780
1895146999999070299
1895147042952937857
1895147052771803529
1895147182665478342
1895147524564140158
1895147525897683000
1895147544981975419
1895147801895465303
1895147852520923241
1895147899081630197
1895148631969153500
1895148664739319986
1895148681952698594
1895148777444442479
1895149001848086735
1895149075076673890
1895149079354843497
1895149113584304565
1895149167132979438
1895149240529158625
1895149379067035679
1895149882152722815
1895150082661798148
1895150218758234159
1895150413126512904
1895150422224183421
1895150676830740566
1895150814492025148
1895151088585588774
1895151114166624347
1895151141928780119
1895151287295189310
1895151933859733966
1895152296931270975
1895152318267760810
1895152388752974288
1895152430041493797
1895152838935814359
1895153024504410254
1895153040237228401
1895153074592788512
1895153198052343893
1895153435135074307
1895153501069811989
1895153607340593594
1895153798680850596
1895153856964710878
1895153973159477739
1895154104504127824
1895154167569883605
1895154261853671606
1895154361854017991
1895154616758628735
1895154796413567320
1895154838704390281
1895155201142554744
1895155313315385716
1895155343790883208
1895155484044468232
1895155590005133401
1895155723975434363
1895155966452080748
1895156396808896794
1895156417251942472
1895156475364024454
1895156488932364349
1895156809653960800
1895156812921307624
1895157268305567953
1895157435113054493
1895157565664776355
1895157700691939434
1895157790827552889
1895158138585706559
1895158464483135662
1895158979715588238
1895158981171019931
1895159002427695180
1895159354829217927
1895159403478950184
1895159641169961103
1895159706068623718
1895159892576739331
1895159990458998874
1895160015524135103
1895160191210893424
1895160426624606337
1895160828573135106
1895160844201152866
1895160902418407888
1895161010199371788
1895161622173299069
1895161664397549906
1895161949996097766
1895161990450159623
1895162103394152953
1895162447926874133
1895162543917932760
1895162613451104720
1895162733903126721
1895163143220822389
1895163166151131137
1895163237378769116
1895163570997879211
1895163607064986066
1895163707736420531
1895164071764271121
1895164280485597526
1895164589173809253
1895164668962054332
1895164745050923248
1895164946901516793
1895165028082327666
1895165069664702695
1895165107748938215
1895165161566282104
1895165385030213829
1895165469482451196
1895165491368378762
1895165702375370790
1895166101308285365
1895166200755167292
1895166470302376296
1895166490720276657
1895166501709377599
1895166539281899824
1895166569258590551
1895166611448865255
1895166648484593923
1895166788553359548
1895166835915399510
1895166941393805763
1895166945122505140
1895167057509146720
1895167115491004420
1895167313596596397
1895167447679803688
1895167578483691976
1895167809908547678
1895167887418990908
1895168019267231934
1895168250775851238
1895168388722286999
1895168477918363819
1895168620197749244
1895168851064824155
1895169123891478983
1895169133156897105
1895169145878257668
1895169347305328821
1895169551542952083
1895169818703134745
1895170301127750135
1895170550735212817
1895170556225585501
1895170578786480162
1895170715986407676
1895170762157498550
1895170828414664872
1895170932206862539
1895171058145366037
1895171200390963336
1895171486891286783
1895171631934308619
1895171844615086393
1895171879218094582
1895172122076684726
1895172174098710733
1895172855853404667
1895172906633871532
1895172988561170722
1895173004944122154
1895173178298900817
1895173546458091998
1895173611511562717
1895173676993257952
1895174146968920534
1895174349851893833
1895174486317797568
1895174672758792381
1895174675816456262
1895174776311947626
1895175231410696235
1895175256052244721
1895175473765982308
1895175593148457110
1895175890205651440
1895176705108791312
1895176736230514994
1895176859027202496
1895176961401724996
1895177294475571658
1895177422586450111
1895177468543410670
1895177893640348080
1895177896542773453
1895177902150570441
1895178734153482750
1895178734946459916
1895178808678064386
1895179012479295700
1895179072927588560
1895179135791816935
1895179269954777237
1895179963965546596
1895180360998097303
1895180437770948752
1895180672689451030
1895180992484385149
1895181956230320384
1895182317636747552
1895182731559965030
1895182937139593475
1895182991238013258
1895183025086103664
1895183336131203219
1895183396495860000
1895183404582478204
1895183405853110390
1895183819009069472
1895184154251403632
1895184170487554552
1895184202028720290
1895184542039974182
1895184590400323697
1895184686865068190
1895184783870959704
1895184906092978668
1895184981284290777
1895185007330894304
1895185094907675035
1895185262868676864
1895185719016202737
1895185743741432204
1895186258630189470
1895186534414053772
1895186562381684799
1895187706084483575
1895188128450912763
1895188263171957054
1895188454641934699
1895188663962870173
1895188823627440512
1895189150380474621
1895189220127580252
1895189558486278221
1895189855229091993
1895190913598791796
1895191000928116913
1895191457134453083
1895191558850515343
1895192137223848435
1895193072927166959
1895193100630598108
1895193200845037640
1895193918125547914
1895194017962594795
1895194084236513446
1895194565164048801
1895194698329006208
1895195167109317111
1895195845026554174
1895196339585126403
1895196654854381575
1895196764799422511
1895196802602934393
1895196957532135525
1895197202890518955
1895197338152640590
1895198157149196554
1895198360161919300
1895198403673604460
1895198607520993484
1895198844339810593
1895199525020848453
1895199707762434342
1895200286186316166
1895200636607832540
1895200848311169318
1895201274406281609
1895201396997378479
1895201562387193899
1895201782151946679
1895202363272839655
1895202641443201111
1895202654307131439
1895202655494103188
1895202726419796083
1895202868497654069
1895202899388703136
1895203136907944437
1895204131926843471
1895204289565597995
1895204403730358669
1895204497984774442
1895205056754131029
1895205096629379254
1895206180513013780
1895206191279808965
1895206345571475771
1895206371026710823
1895206538480099790
1895206569979294096
1895207084792390013
1895207215990219091
1895207346907029883
1895207377655504983
1895207518466646328
1895207640080494849
1895207792006615422
1895207949901144456
1895208050115653970
1895208286917689796
1895208355167379799
1895208413203956057
1895208417444368854
1895208557764845837
1895208964947947591
1895209255151820886
1895209784422604837
1895210164397178959
1895210195657330770
1895210382840730062
1895210397227196732
1895210632896749576
1895210728543658401
1895210839013277976
1895210839738810513
1895210920865079456
1895210992872968591
1895211370360250558
1895211414052315531
1895211437439738142
1895212161674396075
1895212334173561027
1895212596514771315
1895212690337124670
1895212883933528440
1895213003324432656
1895213213538824255
1895214022150271374
1895214045231489127
1895215248191496678
1895215257175613462
1895215441876000808
1895216057423720918
1895216465172987924
1895216803640684713
1895216834892419559
1895217309700247823
1895217399785484320
1895217457314640015
1895218998939410693
1895219214044275069
1895219869538492513
1895220201052086296
1895220856269480050
1895221013467799987
1895221244255183313
1895221268754112879
1895221311108194745
1895221648741277932
1895221726306542013
1895222275852640695
1895222445847781841
1895222527498297584
1895222647216316430
1895223098124968027
1895223405017997693
1895223768450240574
1895224265475235845
1895224468370502140
1895224542538436949
1895224723715547481
1895224994793431275
1895225319076045309
1895225731648774225
1895226005859770712
1895226123824533861
1895226229382619374
1895226387159753094
1895227065861046637
1895227490303648148
1895227495907242423
1895227588450422942
1895227729303470522
1895228689073520753
1895229334375575680
1895229780632707335
1895229795073696132
1895230533157953779
1895230569207967868
1895230592624795682
1895230982611181862
1895230985085849913
1895231098952785949
1895231267568079275
1895231718438903872
1895231833828372595
1895232110899929413
1895232343461502989
1895232376680390986
1895232536382710032
1895232805300511107
1895232816608354360
1895233383346938049
1895234157204394275
1895234338910015502
1895234841446359445
1895235304816288195
1895236217429770315
1895236257741250962
1895236373122265201
1895237191099654546
1895237285173698720
1895237721020649491
1895237776007905473
1895238494160879636
1895238958872928486
1895239031753187808
1895239206370451635
1895239224682782971
1895239275593220325
1895240051485036951
1895240254866759796
1895240815846531133
1895240886663192797
1895241453171023935
1895242647427785030
1895242758652338470
1895242825144639825
1895244242370601136
1895244405302534601
1895244443994988731
1895244802280870358
1895245820192268313
1895246373685207507
1895246472406540491
1895246505340215576
1895246613582618930
1895246669975036152
1895246705064583492
1895248773942780344
1895249079514603611
1895249136552943918
1895249150234759615
1895249381907103795
1895250828791026156
1895251829795233928
1895251863416783152
1895251980920221774
1895252284994670711
1895252325641642086
1895252523671527711
1895252723634942109
1895253134878163068
1895253210128146771
1895253463006880218
1895253805912191182
1895254116982759650
1895254428976070856
1895254834363933189
1895255879227973914
1895256211760783705
1895256494117154942
1895256497145421862
1895257346252906777
1895257432399716736
1895258094931976425
1895258803358372104
1895259065829511554
1895259230317486567
1895259236638302631
1895259259392409624
1895259389503906301
1895259498346094893
1895260306391359941
1895260731630846209
1895261421677727832
1895261776201293932
1895262417321594917
1895262444949508590
1895262732531966010
1895262780531581490
1895262874148421839
1895262899662397772
1895262943014801822
1895263185193836937
1895263931184361929
1895263943104569738
1895264022012076103
1895264893932315104
1895265370849845563
1895265509886828707
1895265707488878914
1895266143184867404
1895266395522506888
1895267024152236113
1895267031269941411
1895267062832079169
1895267112408797412
1895267225785036861
1895267625053364657
1895268533195677921
1895269138471465398
1895269524183884208
1895270166193443293
1895270466769821928
1895270543739482159
1895270792629493809
1895271369052705007
1895271503719227732
1895271789447782645
1895272305305235601
1895272373169140051
1895272467369017580
1895273140164665693
1895273288420728998
1895273548287222035
1895273716231389416
1895274669475045805
1895275553621713032
1895275798464208955
1895275807331008531
1895275835487330523
1895276353018270021
1895276555192205788
1895276828094537949
1895276891755684237
1895277364894146839
1895277986548731948
1895278316967567510
1895278341617524810
1895278493090615548
1895278541220217191
1895279059527180705
1895279160710558187
1895279241887146292
1895279612529439141
1895279797443649693
1895280075140145166
1895280205486530782
1895280533015535721
1895280677651915040
1895280975896248343
1895281095610114114
1895281194348224956
1895281340171591978
1895281477837037640
1895281684968546421
1895281768737186278
1895282010765299879
1895282069980500321
1895282348243173660
1895282578627928296
1895282584340549764
1895282616749981978
1895282909508182433
1895284129174036762
1895284246912389525
1895284289291653602
1895285007167692840
1895285011999531361
1895285222075425131
1895285322965229700
1895285350391783939
1895285665379819813
1895285871399838008
1895285963380924558
1895286170491461968
1895286913600536714
1895287207717675436
1895287839719596413
1895287951384519115
1895288227692724376
1895288831114641645
1895288855785545835
1895289058982797495
1895289395785392220
1895289563494728091
1895289863831986324
1895290025040060842
1895290252954345903
1895290318888804860
1895290884977267186
1895291496838111651
1895291552572023147
1895291732461531501
1895292212126327145
1895292377562304586
1895292852936286385
1895293471889727491
1895293506970849539
1895293668061520283
1895293765352595836
1895294217804796245
1895294406204518792
1895294820060692737
1895295701657231502
1895296045527245224
1895296188808864257
1895296553147146748
1895296673091592480
1895297677765828768
1895297879931269203
1895298192092340725
1895298197851132409
1895298210513703118
1895298216763215898
1895298232760369407
1895298792515383380
1895298899276910849
1895299116907000299
1895299365947986225
1895299634278604823
1895299740990087317
1895301285626421650
1895303136249864303
1895303373987160559
1895303629382525181
1895303827806658977
1895305781152751784
1895306199018676357
1895306395861557728
1895306475620491536
1895307460292067356
1895307635341304310
1895307952254488887
1895308351778726272
1895308906358022302
1895309731553779761
1895309946897797218
1895310202028859668
1895310584566169959
1895310666787147790
1895310753034576180
1895310903723348025
1895310949936177594
1895311863984119973
1895312095807447060
1895313342413316215
1895314428717138253
1895314626323324948
1895315126364037595
1895315790582423640
1895316518742949922
1895316746720186565
1895316748020392432
1895317257083027859
1895317336581906878
1895317578417086512
1895318317440901273
1895318734203691377
1895319061971771447
1895319204682965345
1895319625656897981
1895319752215798076
1895319881027092874
1895320344912896287
1895320451959984596
1895320876670951924
1895321004362342518
1895321338279231648
1895321790349746385
1895321911405756857
1895322233972891697
1895322838942507102
1895323078160458192
1895323651827998923
1895323675362238856
1895323723718369285
1895323998361395521
1895324108445098251
1895325288252481739
1895325406364074106
1895325502329757791
1895325597154607137
1895326681017241838
1895326741004275785
1895326799967723799
1895327405109321909
1895328015707717706
1895328685777133896
1895328898990383472
1895329069321069016
1895329247113441310
1895329264154878033
1895329479662412160
1895330466837995708
1895330655397126300
1895331058855616963
1895331160265540018
1895331383972896830
1895331409512014240
1895332628330619106
1895332875958194314
1895332912607961161
1895333085648166996
1895333417052684534
1895333685819560231
1895334070084870476
1895334321789247542
1895334551129596162
1895334750438727762
1895334921251758276
1895335070422155417
1895335229990350990
1895336461844783343
1895336802816532549
1895336830847135817
1895336946488222113
1895337833935884657
1895338019370213567
1895338125297360946
1895338205886533877
1895338958848180340
1895339394154029452
1895339806168875329
1895339811986383321
1895340156334547324
1895340170477740467
1895340436140761308
1895341109284610451
1895342086758768813
1895342549872824711
1895342642256585298
1895343454139666945
1895343632749862941
1895343672239296793
1895344204555096404
1895344258087035033
1895344292107034991
1895345053314515415
1895345756623773949
1895346067547529269
1895346075252465802
1895346240663232993
1895346552367128629
1895347798746505589
1895348182143639833
1895348390617325607
1895348696268841448
1895349203041427744
1895349637734871048
1895349703166042443
1895349740545679533
1895350122814509480
1895350124366438665
1895350373671674154
1895350496032165986
1895351375439241293
1895351725164503316
1895352069550448939
1895352348383584576
1895353113411977248
1895353484519842068
1895353783938593243
1895354015304864001
1895354544592445870
1895354789166490048
1895355199042265578
1895356141959598561
1895356580859912447
1895356941565874432
1895358083423183237
1895358567844397470
1895358872745058502
1895359622430838993
1895359743096770900
1895360028640714929
1895360201529909471
1895360237953261685
1895360255212823007
1895361591790731604
1895361644294975694
1895361759655154153
1895362726140194894
1895362844625117571
1895362849482121491
1895363185836003794
1895363242991722510
1895363571590254946
1895363655723811041
1895364448581566539
1895365090934956539
1895365229779009752
1895365397349834894
1895365948665934333
1895366047605325898
1895366330976739711
1895367183653576811
1895367461006123121
1895367792846872895
1895368213699182900
1895368265800745126
1895369144654274655
1895369247058231390
1895369810483257395
1895369892343451938
1895370045775323435
1895370199291044153
1895370347211563397
1895372261022146839
1895372711435870573
1895373184494641165
1895373321795182934
1895374310312943896
1895374381678993721
1895375407643533369
1895375439084032308
1895376641674928566
1895377816415264976
1895378046829629864
1895378438351159757
1895378601794773232
1895379012920418727
1895379335323979970
1895379441335050722
1895379474621046918
1895379768050360578
1895379981402022064
1895380372965474693
1895380545548558691
1895380623516385574
1895381843211661520
1895381970462327134
1895382835260989751
1895383591779238069
1895383977260982495
1895384825567289905
1895385359644795306
1895385508236402721
1895385537445511522
1895385665065623870
1895387794945778032
1895388168637292942
1895388311776305453
1895388443641024644
1895388760784896217
1895389246606975297
1895389514191040822
1895389764515406207
1895390618391867815
1895391331884867811
1895392410999619925
1895393390180921434
1895394509472895305
1895394566481858872
1895394781674778965
1895395994248126935
1895396441042137362
1895397516612632858
1895397579799814343
1895397603514413233
1895398040720273890
1895398621186863451
1895399662976385250
1895400012693246449
1895400418844553456
1895400779936383072
1895402009555345476
1895403926650077612
1895403938347991418
1895404648175181877
1895404937112416697
1895405290885091404
1895407033370964312
1895408263665197194
1895409216468500626
1895410243670364306
1895410259575054393
1895411571930898746
1895412668116435208
1895413708530368613
1895413849291153419
1895414665792078000
1895414854946787685
1895414929123082366
1895415033334730952
1895415688413728968
1895416752022167863
1895417001780318543
1895418514812588327
1895418548228624512
1895418690277167495
1895418705838027172
1895419242960585085
1895420636258017285
1895420727429632480
1895420895155683565
1895421891235750018
1895422989627457809
1895423413394759913
1895424230311031249
1895424513522925609
1895425180299911545
1895425240869883948
1895427070190317939
1895427196568916142
1895427652850507812
1895427862930534825
1895429354508955765
1895429402944827552
1895430125547848028
1895430369757037053
1895431840133267963
1895431867341717563
1895432601990750281
1895432948486459454
1895433355459793076
1895433468689129609
1895433579284627626
1895433809115721900
1895434591957348722
1895434791132299369
1895434885608960506
1895435059228025006
1895435184188875211
1895435575630737735
1895435649123246307
1895437216949907460
1895438038492406208
1895438081555394717
1895438881304236319
1895438930016935991
1895439453088559446
1895439499158794688
1895439529412264317
1895440407988981941
1895442151858950298
1895443182567174499
1895443797812859141
1895444457836990776
1895444711852118152
1895445893098488309
1895446142802104806
1895447339361550688
1895447682589839439
1895448554682126645
1895449111001989128
1895449187715846445
1895450549576945770
1895452186513231923
1895452320881860634
1895452417938055252
1895452636675268815
1895452989168796067
1895453112766505448
1895453745770807542
1895453746127352232
1895453828436390333
1895454250853142841
1895454760012280002
1895456049110614190
1895456128227823752
1895456658224185368
1895457225264836951
1895457619147694501
1895458137219739861
1895458335484469430
1895459091025403977
1895459325549899856
1895459367249756535
1895459402150486249
1895459581041766573
1895459755994595353
1895461033357279709
1895461191587356925
1895461824121979195
1895462110722990454
1895462619194310684
1895464098965737821
1895467658772193363
1895467788912959653
1895468240899616977
1895468847148535961
1895469325965988322
1895470473779310898
1895470650699235761
1895471027804877120
1895471448556466242
1895471756942729264
1895472244320538636
1895473176668504519
1895473262433558911
1895473357648490857
1895474300897071440
1895474644003778766
1895475481052639366
1895476013175599544
1895476039985627321
1895476818779701418
1895476828992876926
1895476995007594636
1895477364680974494
1895477453398917258
1895478084234838378
1895478409465364739
1895478606350184776
1895479224578048286
1895479313769918937
1895479693350261031
1895479761792868374
1895480139057861032
1895480582169366808
1895480616302657758
1895482468574335132
1895482807662850051
1895483801381540114
1895485062927577175
1895485533704564896
1895485938069049784
1895485943743942700
1895486998053622157
1895487323091185743
1895487630537834870
1895488149679399189
1895488215383249331
1895490698079776876
1895490751620137270
1895491572772540456
1895491574475399435
1895492587257311509
1895492813045076243
1895493038304329778
1895494343206871119
1895495929173795213
1895496513826275441
1895496847176982957
1895497782917845338
1895498051873300507
1895498115173712318
1895499070560678176
1895499124411355177
1895500221033099310
1895500517029314795
1895500832575205803
1895501696211853583
1895501960478183586
1895502970672050176
1895503015211344370
1895504476251070512
1895504889343852692
1895506369962504212
1895507997184655591
1895509716346057148
1895510160258531465
1895510327468658863
1895510337895719321
1895510810430234700
1895512335248400893
1895512453825610170
1895513416795902353
1895514267820204448
1895514749657628693
1895514812765085913
1895514991404728361
1895515166718242817
1895515902726361564
1895515932715601975
1895516176564043811
1895517663574839705
1895518204019294529
1895518592751583728
1895518628684124546
1895518940526481594
1895519607655649742
1895519674244481376
1895519917677691319
1895520599029792978
1895521280428032475
1895521825578500337
1895522208812056610
1895522781464576501
1895522831594860730
1895522871025508699
1895523556181901340
1895523580953444385
1895524598407708950
1895524907150438826
1895525202290975124
1895525343932641430
1895525462753100056
1895525776331878581
1895525784946950591
1895525818958557188
1895526524448903640
1895527173341266192
1895528696003666324
1895529660450283827
1895529873390920066
1895529876666642604
1895530259715666205
1895530707931275720
1895531501921714583
1895532257642999937
1895532567136440328
1895532996763271555
1895533355871207597
1895534008634917071
1895534019963662501
1895537798247301289
1895538729881850061
1895539082262110656
1895539702163521704
1895539731712376908
1895539865808425220
1895540562000036318
1895540921242136825
1895541693212213727
1895542349104922794
1895542966636462096
1895543288171745662
1895543646688330182
1895543840398086340
1895544052738900098
1895546287355019452
1895546496046780561
1895547004375482653
1895547298077426027
1895547354725695952
1895547741935452582
1895547921468477906
1895548149789573631
1895549975981146568
1895550523706917029
1895550539036790830
1895550841727377765
1895551082539204864
1895551201456112128
1895552267572650138
1895552630296101331
1895553273249349767
1895554051464708141
1895554113632682300
1895554330155237720
1895554809379635537
1895555148216414602
1895555205883985942
1895555536529289301
1895555553654657156
1895557494623387742
1895557737964323096
1895559228724797800
1895565801153053014
1895567786908533135
1895568604881699301
1895569958987567368
1895570141183922321
1895573689648959855
1895581566979780722
1895581732793172052
1895582314727653744
1895587895693762628
1895587996768117177
1895596513830822193
1895598747381612949
1895600061612204408
1895606481996960116
1895607547023016251
1895608152642765060
1895629087185817636
1895632076524937333
1895632730047860986
1895642466872934649
1895649743709356060
1895652661552431126
1895654530316189993
1895659031794209002
1895663459511173157
1895664764774441042
1895671304399048817
1895676278621254075
1895684351087820863
1895689873618780663
1895695718297567532
1895697789973381538
1895705763664085178
1895706711358599553
1895710075496620126
1895715816559296985
1895719112141389841
1895723520291979595
1895734490674409654
1895735162195100018
1895740937864897011
1895745812300513773
1895745885994434774
1895747128947016108
1895756528709484733
1895759648961212537
1895767269231509802
1895769852046164156
1895772997308596609
1895775730338083224
1895784994943222208
1895793971282264080
1895794420764798982
1895795032114020819
1895796423708508666
1895805951678300491
1895806124823380461
1895808613387813293
1895808705389871392
1895810499541074411
1895810800486670489
1895811390545543420
1895811399412302108
1895816229446922257
1895816808655126685
1895821480501641368
1895824588996821064
1895825179563192665
1895828273566990541
1895829595477459177
1895831048090763773
1895835035930149241
1895839204858610152
1895840407009051117
1895843538807734539
1895846341760467149
1895856778245783808
1895858526448165340
1895869111697359190
1895870690789900775
1895871052473123267
1895872559918563797
1895880764790882738
1895880843618611400
1895883364630151403
1895889033513017504
1895899704279585232
1895908907106861474
1895921857158922679
1895929354053697619
1895934840270426511
1895937753269092593
1895946184579301380
1895946944268353729
1895947175043256410
1895957716331610537
1895958800194290106
1895964193003880653
1895977232163827862
1895978274783969638
1895978711880778129
1895981213464375692
1895982607479029822
1895985743501430874
1895991412036124923
1895996568479891739
1895996964103471207
1895999438763827680
1896000823081247085
1896010937372721254
1896014571489661342
1896022772826112492
1896025095644340547
1896028999622734293
1896029435247427698
1896032894398959898
1896036476351283231
1896039391476469804
1896055453995712975
1896057794471891127
1896058588134773238
1896064950315164119
1896066011075657880
1896066075814715514
1896093930120483100
1896106558012248120
1896108841626210441
1896110631264371069
1896112829742399819
1896121103451672647
1896139179316375758
1896143647521063061
1896150720271020167
1896152274763939905
1896155273049583986
1896155894892884184
1896157200755920935
1896161870291308996
1896168806738964590
1896171156312654150
1896174390498468027
1896177127042728034
1896177334589481330
1896183975670104415
1896193235577634830
1896199705371255247
1896203338468979095
1896203755693167063
1896204707389214928
1896205562553221165
1896210660083851586
1896214569862955421
1896218500089450589
1896227138946396388
1896227536889323948
1896230783335194720
1896234694519455809
1896237295944237555
1896237893963993583
1896240237212516595
1896241761267446198
1896244739844038994
1896246826564780392
1896247432461291798
1896251893225263342
1896253301118926916
1896257861950566866
1896258968147890668
1896259060791689405
1896272133405511902
1896327105413267509
1896327341401588054
1896335822829523152
1896362934705799453
1896373525444968665
1896378360017945085
1896424524662620529
1896433401084960859
1896524614165299535
1896527119381139466
1896527777203105813
1896528505816678587
1896530033600262179
1896530484139794943
1896598518212812984
1896612861126017213
1896682338945552548
1896707688354230503
1896715864097091594
1896741026423078950
1896851262987256267
1896853117045817458
1896978057254379590
1897036130069147648
1897039997146165440
1897077996323995779
1897131070690353211
1897152585653793051
1897354551206068618
1897746863505522989
1897769992533188973
1897984163292094792
1898021166473769411
1898028633760948519
1898166065118486839
1898194409880990203
1898214412713930772
1898235684189577267
1898252790658478202
1898265238970974583
1898276536563720281
1898361115404382227
1898361132936491166
1898436917697376391
1898516976370106577
1898793681311658465
1898796574718984679
1898849340933988429
1899092206813679910
1899113980171264362
1899121561774207435
1899156168968450182
1899156404411277544
1899235704116244500
1899535372679328213
1899651432522919974
1899953845251264819
1900249262425878553
1900596326561202432
1900652602720698391
1900667326330216752
1900667407401971895
1900710360719528109
1900963851241161007
1901097317807079670
1901100194038501684
1901102374451560900
1901156266749071648
1901258753791479876
1901318803062968494
1901331727622033716
1901332341798117692
1901467753594376561
1901467836876488936
1901501132859478295
1901502064980595049
1901634584535572833
1901659877107257610
1901880003152798056
1901894752066265254
1902037912515916063
1902039471169614207
1902048119073780188
1902113588548137461
1902116167822577860
1902118777304780960
1902118877745602951
1902130539030585426
1902134479960899789
1902142563907252619
1902426780369117479
1902541958884536713
1902572491211518251
1902574536379248980
1902778110853972369
1902860705528746136
1903084539280281796
1903084872324808761
1903169755919298979
1903423571969368391
1903617873202839855
1903657970346369490
1903830852535988489
1903891563954221098
1904263825005686925
1904266157596516748
1904285076307026311
1904361817347948936
1904367339920900597
1904414596229627973
1904527891041231295
1904644435192799335
1904647495981875251
1904648673025282455
1904663085862048225
1904663103578792442
1904663143286010342
1904865718501310672
1905043544844476697
1905258717433430219
1905259269970182443
1905276525500661776
1905582650225459609
1906112805436006621
1906132223348117879
1906431750781211054
1906483058057818151
1906624711884460177
1906902463187423244
1907045009469104372
1907176140046839951
1907230536180883540
1907642606802083901
1907644243776032996
1907691326105329953
1907708391566299627
1907810985408188777
1907909852095197218
1908163710448816221
1908254271419699263
1908328407286366675
1908335218131624273
1908352086670004630
1908471058497208726
1908509765136794110
1908634841538838818
1908684347437174946
1908915159608816116
1908920863962869948
1908959907602215420
1909131450688888871
1909237013317886077
1909238719715979309
1909382999575003204
1909383814478020717
1909475996316713445
1909557863342571911
1909756168316088639
1909756210955399269
1909922457361821795
1909939591978615047
1909972644838994244
1910052548809282008
1910194607318507893
1910196966627107074
1910280013615689858
1910351565325557794
1910446802996015385
1910733346130329696
1911088757622596090
1911414966579581233
1911853913537458332
1911930335035609140
1912002816023175619
1912002892934029536
1912190816832864478
1912321625288044851
1912532853520203950
1912657676770726372
1913044453868069043
1913067161855160792
1913597762832073030
1913678981594829170
1913901027465855225
1914476018661818836
1914484057758687410
1914485514830336286
1914487335175033136
1914498110614651058
1914543793690280438
1914595062975254672
1914877067973231038
1915090523364208813
1915091053171835312
1915142326969884776
1915143308726227384
1915166709855723672
1915171203179860055
1915582913434849763
1915854919984349454
1915903645905805746
1915912370599190768
1916552364107997364
1916685878207942845
1916887748298068004
1916972255629775083
1916989812680364235
1916992383855558918
1917054471579795817
1917114958787281127
1917159748912439550
1917400608094523479
1917420523228729654
1917517741722067159
1917597187137233310
1917597333182898366
1917623166329053486
1917623362706362578
1917705295679152337
1917781260073574569
1917781976272060622
1918128549795373457
1918328826850955740
1918331072833528271
1918400633469550809
1918555866707501550
1918657732493693406
1919042799862792601
1919522044552556911
1919543157546446999
1919606722575872194
1919623916592549963
1919843365337629109
1920289022808670386
1920302144760037802
1920502794835947661
1920503859073491112
1920883040001085449
1921014366033326473
1921945446550733122
1921951223101465034
1921981327894614285
1922127566032248993
1922462450592444507
1922467974289485857
1922484599885529455
1922920039457366261
1923000626532773934
1923007077540090279
1923124032896905430
1923124183334003075
1923263789522149639
1923263868102426727
1923752591436972142
1923857663885971654
1923860539509239944
1923889480097788309
1924626533899026821
1924661164417679433
1924720365252837411
1924720464414572609
1924875692841333122
1924880455821623413
1925212438783488120
1925212638994469196
1925308350251868205
1925308394782826739
1925321007197225264
1925528017293439370
1925629868756083069
1926286105101430803
1926348934353482133
1926354992698437738
1926503301262033393
1926561388605903297
1926564367018918247
1926587623859978663
1926593539820982773
1926615857985200466
1926737090823205024
1926740470987727016
1926763500103233937
1926940160953843935
1926952370719649873
1926954755542098299
1926984446068027888
1927148192929288684
1927207334171787640
1927469131986801041
1927805064720060617
1927963871148405145
1928117159332348115
1928448963427893405
1928555138370744438
1928888214745456893
1928897187871613308
1928907086655639947
1928985661417091187
1929603315429523899
1930020597775352028
1930334741951103141
1930398157546107356
1930605816702492717
1930706442434031616
1931064501299741099
1931133046876414434
1931271580820078716
1931591446038970414
1931884267682095591
1931919621277323528
1932170029841502405
1932199462019207313
1932199760976605604
1932200253908038035
1932229321038397823
1932252903105851561
1932261254368006628
1932271490332045577
1932289179121242553
1932323996013334683
1932388885189083275
1932424589725892886
1932444247954801086
1932466126925255067
1932489666042699953
1932674440493498784
1932753148353057081
1932764422751080538
1932765142439079953
1932804541084250297
1932819994787602918
1932840012942291323
1932990946137764278
1933040399922131229
1933110097946751005
1933110117223841883
1933296295101305325
1933370869650256283
1933423325180477448
1933621867316752720
1933976254316998777
1934000857411952840
1934021529802821728
1934279206579630157
1934434757787496516
1934819698933154033
1934996860231700743
1935078954672775288
1935094390130884796
1935145385326162423
1935145535905890600
1935212279504715950
1935318176738459926
1935473230200160360
1935523616583729665
1935656457560596971
1935822166215315560
1935841807562072395
1935871734890348947
1936328332104417372
1936899966242549800
1937299447534481509
1937299603734581524
1937599348306489846
1937631454512451870
1938429314430820571
1938429470391865683
1938470444589269458
1938596659417555018
1939348697223205323
1939660726098149536
1939766439940096027
1940061826214941176
1940105735595319432
1940105822715224492
1940268991366443185
1940450597570023520
1940451682531659788
1940836717562573175
1940838314258608238
1940843096717381818
1941150374112735391
1941150984136507866
1941459373282431340
1941468066476589512
1942025148393283769
1942209736700826044
1943105098646983120
1943869297375244578
1944068778565710183
1944438146613248146
1944677998948454779
1945192782143893854
1945264598338171080
1945350803184869399
1945517769514176929
1945546021808873579
1945552515640250421
1945552735878963235
1945887378234830898
1945921444480798744
1945927347254821071
1945950784887136556
1946063005407379909
1946319638226186527
1946491096110149647
1946513604209197526
1946513742814187592
1946564450959716363
1946637309064937561
1946942643092546026
1947046784888386001
1947120605133762840
1947400491320692754
1947402194917200286
1947563370879824241
1947563530603139464
1948461453322977788
1948700276858462407
1949113033638498525
1949224440975540316
1949347479566098863
1949635923190116390
1949780345110372492
1950079389443772426
1950220709260886298
1950239301524213917
1950239462665117773
1950332557079564660
1950364699876610123
1950364746999538092
1950369708202742230
1950456713783758876
1950456820721733653
1950570909279883493
1950582585480069387
1950609636928651334
1950653517489660308
1950718365871530092
1950718468808134744
1950744531088900438
1951065280076976172
1951070493462896826
1951203898464591979
1951204036679696777
1951226448561283105
1951226718112587928
1951371224426156334
1951429238114136322
1951441928643391695
1951582792308990405
1951712785257185336
1951713565800566817
1951743844447383751
1951847138847055982
1952291561091285488
1952523884411920804
1952856413530931535
1952866397744496815
1953323035374555149
1953374638823612913
1953429168177242524
1953482048804454412
1953488320224526799
1953554486464507973
1953830229333434809
1953903406969422197
1953956307087897063
1953964208728740159
1953964247454474615
1954158119094718483
1954158152598822973
1954216488144916609
1954216583133315535
1954309796804370792
1954437902777061817
1954444876335980966
1954601937141395905
1954642131269689722
1954659194423935368
1954965399239569820
1954970704417640846
1955134801150689318
1955267014630535426
1955457008867647909
1955576925776421005
1955741510386790541
1955761182843003059
1955826729815040078
1956111359591981069
1956116123255996912
1956123638077514125
1956215160097661062
1956460938212921385
1956785742694269351
1956786913517441243
1956797441375900054
1956819231217246684
1956819564005908931
1957311690804175039
1957625971583898102
1957891543752204468
1958181285245149192
1958181383693832221
1958265955420963059
1958519787057013067
1958528765304168586
1958901429558481275
1958983483071541593
1958986796500754852
1959413723396989319
1959428148644524422
1959681705222049923
1959855700714131864
1960095686739042676
1960731717695611283
1960954621632856371
1961017576806646101
1961017858215018508
1961123745508335927
1961257883334541589
1961462950914297975
1961580635715420619
1961615261636632717
1961721518863663426
1961740298004164608
1961895527223599388
1962095153415643371
1962229970262266322
1962454629087588827
1962634650918019094
1962972678937305476
1963128575747383576
1963334509899747765
1963543867061354864
1963697475921064291
1963798170183573746
1964045881394811159
1964047276340560189
1964144391439687965
1964297688234549409
1964298777822400531
1964303489049198734
1964303891098460353
1964445472766251406
1964664710542061625
1965128699319386214
1965135057670283451
1965140032630796773
1965140491764465674
1965821691738862075
1965866604681638209
1965886637940027816
1965886753430290689
1965916320459010402
1966149983935279402
1966192545660284986
1966281879398895998
1966491960341840064
1966514314379976962
1966521471255073015
1966542992618951000
1966544125916024874
1966580942312464582
1966636777566851280
1966637432666792404
1966637916693647721
1966933952566096360
1966933954046632156
1967265341605835186
1967275766867271770
1967319214559232413
1967358399005503977
1967441375194177990
1967618181893337177
1967634906365956593
1967719470790824376
1967921616740114759
1967925851380650362
1967952565779460574
1967955419596460344
1968090393838506251
1968116738798784918
1968299906663330298
1968344741529231780
1968800650537439299
1969099210248093716
1969153580574658705
1969166385533067316
1969168741574267154
1969232393677558113
1969242621328425367
1969245391624290340
1969247983104323873
1969271124639760552
1969274464081703048
1969363420601323871
1969474813585494225
1969506756402503805
1969539351848894699
1969757579850215844
1969941142121963832
1970348649038372869
1970919400053277049
1971016222713184331
1971265180588965894
1971358580071858326
1971667440821223770
1971697597846114426
1971732110403948968
1971743430347981191
1972094143070359949
1972113148443611155
1972305878746566870
1972306320675287118
1972700059465822326
1972700222099956195
1972766343721296056
1973022332089455051
1973022405573652506
1973025040989143220
1973062090270060614
1973256311530987934
1973564589519544585
1973725849502564810
1973874386081108063
1974587597440827460
1974587847505232007
1974628643465998717
1974663950127313009
1975063771782717515
1975602713703690689
1975989136650633225
1976282162417766704
1976283502615445844
1976499738066186456
1976691571257962548
1976733019760185774
1976794248881356870
1976804100080910506
1977045244337365389
1977045284212654401
1977045730075295768
1977078971159527887
1977262880476348430
1977392660986974297
1977392695376039991
1977614753779610014
1977641902796341262
1977746465192554624
1977853914197209523
1977925888025997478
1978262741149262024
1978473278571241753
1978817546041032838
1978875130626339182
1978993560113352990
1978997261884334134
1979140992734253280
1979221235419828715
1979221361290809784
1979267807054610804
1979363602118382035
1979538239167009197
1979549105069408523
1979665332781699442
1979964120657961314
1980015097104801816
1980017124748800446
1980055045556297997
1980256623290618103
1980256701044707397
1980307122580844831
1980318123082543555
1980364589079654431
1980552574211383663
1980613381728895127
1980661776904798491
1980664162142593242
1980691197007220769
1980842173609427098
1981144247274439012
1981407712299856356
1981504615503073586
1981712943021691234
1981829825255059601
1981873814008144138
1982509231128686661
1982534938865148239
1982540699838091645
1982576721275814212
1982833933449646178
1982874621771984987
1982885890184949799
1982905674901401679
1982989374842343730
1983050391496376565
1983064321828565174
1983165641902436646
1983322648324284859
1983651127699894384
1983654814220480528
1983710744861667400
1983710923102810367
1983844986539110700
1983896476536434833
1983958504823263514
1983985640233693344
1984320120903123425
1984357622208942425
1984422754809233559
1984675515463320049
1985405064106946857
1985434870831579643
1985560946215969253
1985676853823045734
1985711546715287753
1986000792935907548
1986100004084134368
1986182923964362964
1986198619964510521
1986542909617774874
1986544307428286643
1986545530181132329
1986547199711584309
1986774865106616804
1986877612325765341
1986936438387101749
1986943252969251151
1986960729392455792
1987027194128793927
1987178826925773139
1987235479813824697
1987368796395307199
1987370261709267097
1987475407898349819
1987588888517378478
1987603025477660730
1987672023762706573
1987838513988194742
1988043896568340575
1988086604083220621
1988178910870466922
1988284026546004014
1988297609698746382
1988340878461604083
1988727941061308837
1988777212313776626
1989084353159393553
1989444073032487298
1989548392096436293
1989650068362989895
1989718025155604904
1989789703596327415
1989997693754827105
1990068507623539094
1990137839216988285
1990140036524765247
1990142383405580336
1990199010859049202
1990544927160254631
1990612735793500558
1990617461473804667
1990914486186672140
1990939447740060021
1990948154712183063
1990968780604768535
1991201315419029776
1991253519727214766
1991253565415833959
1991324303615549658
1991427347090669818
1991585978692354391
1991698017360179313
1991716791702417759
1991717776671797590
1991972832432243154
1992454450301304978
1992474257209929958
1992475794816516143
1992552611200012431
1992552716497990019
1992554326024405254
1992554408983589193
1992566289873928515
1993073927753469970
1993546126147133649
1993552218675655054
1993742891932340649
1993746635453788222
1993789975448703203
1993790062820249738
1993817917667070135
1993990730415493481
1994114961791213602
1994154132933103929
1994246660319486071
1994257587282276575
1994299075303256132
1994406617438458345
1994520955239240027
1994522083326660883
1994965532555317412
1995165658322174107
1995201363136159898
1995219771634459067
1995325847553593531
1995490184650269178
1995554295597466068
1995585127779631515
1995593484137627978
1995645542542791078
1995686498457506003
1995711767175942276
1996090313593815283
1996342943171707054
1996442740310331398
1996524852166201713
1996654787132379260
1996722631471779911
1996804493858762924
1996871552177262978
1997007643131674909
1997007760777789770
1997115742555443359
1997335976469815635
1997414412504989964
1997477265270362566
1997687215770743215
1997717624764219757
1997731760852046324
1997753272749146500
1997854291219128566
1997885388111622606
1998063239423299970
1998400700515037509
1998541870524162192
1998624037899993100
1998637940189147184
1998764987578458189
1998804098934779975
1998807724679966780
1998836624684109875
1998845462724694088
1998884042398433518
1998949699445981595
1998997864719274292
1999020601118437626
1999262741107011715
1999563835103953067
1999955365916721218
2000040720296550501
2000041694239035637
2000044678553772533
2000072781069705285
2000097677933994404
2000099737505329379
2000225498312397075
2000324666632839423
2000346925971980640
2000370006539006190
2000398781305811009
2000403970578116821
2000409133062004736
2000506408257950090
2000509007384240280
2000509115949584544
2000668094508024247
2000747365305651634
2000783112385564852
2000784310404632823
2000784560078921922
2000785825638834496
2000785963534962904
2000786178006471050
2000786404545061254
2000786636544561529
2000786836575142216
2000787114623910139
2000787333130432915
2000787992059814084
2000788286483116518
2000788596857450559
2000789259238957179
2000789521009664025
2000789697195311584
2000789826619290073
2000789964905128122
2000790174834548989
2000790332523356249
2000790508818588135
2000791087271829577
2000791242565935400
2000791591188119729
2000791787758346294
2000791958193856830
2000792202872570054
2000792641143751130
2000792857230369174
2000793043025220025
2000793254774935952
2000793574754115954
2000793859253788764
2000794020155675069
2000794597954621937
2000794806797394006
2000795174314893561
2000795389524648314
2000977437887537213
2001248355608092975
2001490388125876590
2001690131301044373
2002037543102300357
2002080426148659426
2002084277090202018
2002085137245450708
2002172636999152054
2002223786112753790
2002271885485347093
2002273086679203882
2002341545245360493
2002402460993044708
2002537930339070315
2002817277889302542
2002834037027864612
2003119570039800242
2003119673978528050
2003225973014303153
2003543002485239952
2003572411506233504
2003595779857088737
2003785114283827245
2003949630917378408
2004183786049950104
2004256672165118389
2004292875782443242
2004339466891415618
2004595300368064937
2004622454979715318
2004666259435389242
2004676418702377279
2004676420254269612
2004869773981802885
2004954848312332361
2004955503500427624
2004961297453170764
2004961360447520875
2005001057555136750
2005118760055963831
2005420334204477762
2005940575699095817
2006043501872742859
2006094065612300771
2006114273110491186
2006119845994119662
2006188646060146750
2006306169430921251
2006306217535410637
2006308505939284033
2006505828984173016
2006506895847338232
