1236417423223357440
1236417425714880518
1236417438817947648
1236417439463809026
1236417484149993473
1236417497722761218
1236417513476493312
1236417537807732740
1236417538285862912
1236417544455630849
1236417574910509056
1236417579645898754
1236417602294935554
1236417608951439360
1236417620003508224
1236417630665355266
1236417642006818816
1236417642052947968
1236417653310357509
1236417678979600387
1236417680875421699
1236417699682500608
1236417766577577984
1236417790866796544
1236417873431707648
1236417874740248580
1236417878007652353
1236417905568493568
1236417924182740992
1236417961029763078
1236417982114529282
1236417986740793346
1236417988359847937
1236418007703969793
1236418035730317312
1236418040662642692
1236418045121306624
1236418079443345408
1236418089656283136
1236418097487233031
1236418137983266816
1236418184074452993
1236418199761100800
1236418244766031873
1236418253720862721
1236418254203023360
1236418256480714754
1236418268669390849
1236418282045034496
1236418299640102912
1236418319978201091
1236418333165191170
1236418346553413637
1236418369399726080
1236418377440284681
1236418395689672706
1236418423435001857
1236418429575364608
1236418443852812293
1236418453944311808
1236418466653114368
1236418472575467521
1236418472709705735
1236418477562441729
1236418505479766016
1236418521225101312
1236418536026673152
1236418557241589766
1236418578502598657
1236418601898446850
1236418618432212992
1236418620646981633
1236418620969955334
1236418636530794499
1236418645737209856
1236418677110685697
1236418694110199809
1236418695632650241
1236418721943621632
1236418758438158342
1236418766508118016
1236418779510431746
1236418782748217344
1236418789056696328
1236418794001698819
1236418823412162560
1236418826474053632
1236418833520496640
1236418907281522688
1236418914457915393
1236418968685924352
1236418990177767424
1236418992375382016
1236419004744396800
1236419018107617281
1236419019374243840
1236419025145597952
1236419033844629504
1236419094582308864
1236419105386909697
1236419112089333768
1236419118691016704
1236419124072333312
1236419155617820672
1236419160071999488
1236419177512083458
1236419179911303169
1236419204053635078
1236419207262285829
1236419231157190662
1236419235729018880
1236419236928593921
1236419247468838914
1236419252841623552
1236419269572902913
1236419275587493890
1236419296642859008
1236419309083267073
1236419314430947331
1236419394491813888
1236419408010129408
1236419455112163329
1236419474892500992
1236419478017228800
1236419485763923969
1236419507754807296
1236419514423742465
1236419540009058304
1236419570090590208
1236419580542824448
1236419580903469056
1236419584686796804
1236419609789636610
1236419663833300992
1236419670678388738
1236419672238624770
1236419684490186760
1236419689120751616
1236419700789260289
1236419739762733057
1236419777234644993
1236419793135316992
1236419817214631936
1236419848751767552
1236419859552010240
1236419892091461634
1236419923439759365
1236419946885898241
1236419973800697856
1236419987495157763
1236420048161517568
1236420097314611201
1236420098702954496
1236420101974495234
1236420115031306241
1236420120190300163
1236420147193294856
1236420148426231809
1236420161781010434
1236420163538505728
1236420164075368451
1236420197587845120
1236420199915683840
1236420215296143366
1236420222824914945
1236420243469320195
1236420254852661248
1236420257205628934
1236420273039200257
1236420275069014017
1236420296623755264
1236420299349839874
1236420302667743235
1236420322896863232
1236420340542255105
1236420362008748037
1236420385652060171
1236420388311236618
1236420408808804358
1236420470804709376
1236420523611086856
1236420542917378054
1236420542967709696
1236420563742195713
1236420590917038081
1236420596340264960
1236420687692251136
1236420692259876866
1236420703894806531
1236420709154512900
1236420722316193792
1236420794907070464
1236420801986994178
1236420806344945671
1236420818248269824
1236420871390220289
1236420873806118914
1236420898850254848
1236420912582443009
1236420917850451972
1236420923470819329
1236420924473249792
1236420955716624386
1236420978999283713
1236421004009840642
1236421006698385408
1236421050138644480
1236421052902891521
1236421081910697986
1236421111375638530
1236421122142253056
1236421152546803712
1236421154514108416
1236421156334338049
1236421202798927873
1236421205550342144
1236421221291626496
1236421245748629507
1236421269295415296
1236421291072262151
1236421305366429698
1236421339545776128
1236421340313378817
1236421345988300802
1236421346864902144
1236421355500863492
1236421384072560641
1236421390909259777
1236421410433781763
1236421432122445825
1236421433452044288
1236421452263575553
1236421457254719489
1236421474723954691
1236421555917332482
1236421573881585667
1236421575794196480
1236421590469865473
1236421593540091904
1236421625232404480
1236421629791449088
1236421644383653888
1236421647818575872
1236421649106448385
1236421653921435649
1236421659315318789
1236421688713252866
1236421694396469248
1236421703858819072
1236421727984508929
1236421790559129600
1236421855436836865
1236421862420291584
1236421873304580103
1236421881982529539
1236421885220589569
1236421885971378178
1236421886298513415
1236421889582665728
1236421935795302400
1236421940396593152
1236421949640900608
1236421959992385536
1236421979454017537
1236421992502493184
1236422003462111238
1236422005093793792
1236422009728503808
1236422030456762378
1236422032881061890
1236422033266876417
1236422074585042948
1236422103668346880
1236422108609228806
1236422152590680064
1236422171028852737
1236422179169828864
1236422181799723009
1236422201160749059
1236422215278698501
1236422239425306624
1236422240150982656
1236422268772900865
1236422272694525957
1236422282509197313
1236422294400008195
1236422314432049154
1236422327941967873
1236422359365623808
1236422397517074434
1236422425572671489
1236422444656852994
1236422450403061763
1236422451514560519
1236422452957392897
1236422455440400385
1236422462876848129
1236422475266830336
1236422485370945536
1236422504555728896
1236422507504316417
1236422514609446914
1236422522461184001
1236422530879172614
1236422545336918016
1236422547941601281
1236422552211410945
1236422560511922182
1236422565356281858
1236422641877225472
1236422649628078080
1236422650743754752
1236422651016613890
1236422681467158528
1236422721451499521
1236422744947986432
1236422758583713794
1236422769157517312
1236422832965419008
1236422840695603201
1236422851810467841
1236422873859919873
1236422890939199489
1236422916851535874
1236422937714069504
1236423001526218752
1236423001681379328
1236423005024256003
1236423091376590850
1236423098007785472
1236423137144823809
1236423146443550720
1236423162990071808
1236423189116391425
1236423191301705729
1236423192874569728
1236423212608733184
1236423233240330240
1236423247866011648
1236423263032504320
1236423286960967680
1236423295425228800
1236423323359129600
1236423326790299648
1236423327301996549
1236423374697627650
1236423400907780099
1236423414015037440
1236423420310704128
1236423435254890496
1236423453688967171
1236423472366202881
1236423479509102593
1236423481341902850
1236423524094480386
1236423527806443520
1236423537444995073
1236423559595134978
1236423570445815808
1236423578628874240
1236423580688105472
1236423648518553601
1236423684182536192
1236423708400549892
1236423734854123521
1236423804957622273
1236423815065939968
1236423824234561537
1236423831088181248
1236423834041008128
1236423842425233408
1236423843276886016
1236423856987856896
1236423874188849153
1236423889334534152
1236423894598406146
1236423901300903936
1236423902798196736
1236423907311259650
1236423910461145088
1236423932598575104
1236423937615151104
1236423938005221376
1236423940421095426
1236423993839812613
1236424020742021121
1236424024814759936
1236424036827226117
1236424050521575425
1236424064077570049
1236424104988852225
1236424112882552832
1236424121598255104
1236424126119714819
1236424134042796035
1236424162186604544
1236424199989649408
1236424204544860160
1236424212862185472
1236424234286661632
1236424267715272704
1236424271867580417
1236424285025165318
1236424294550380546
1236424307468877826
1236424342256246784
1236424382773411840
1236424394538389504
1236424411776942081
1236424419532328960
1236424422078152706
1236424477128433666
1236424508128604162
1236424540068155392
1236424551946268672
1236424578429140992
1236424620435222533
1236424620867309569
1236424622163349505
1236424651515068416
1236424656581730304
1236424683312033795
1236424732876079104
1236424743013801984
1236424749057806337
1236424756146122763
1236424762022395905
1236424772038406146
1236424809598324737
1236424825293373440
1236424831693963264
1236424839197413376
1236424845845356544
1236424857761521665
1236424881677320192
1236424901873094656
1236424921200418816
1236424954368884737
1236424978855350272
1236425020865302528
1236425022845202433
1236425026993340418
1236425052310196224
1236425061101420544
1236425093720481794
1236425116831145985
1236425188570513408
1236425197202407427
1236425198796226560
1236425201736392717
1236425207205765122
1236425211924357121
1236425225572683776
1236425230601596928
1236425274876743681
1236425302068342784
1236425313183203329
1236425313678233600
1236425313971769347
1236425336998551553
1236425368241942530
1236425371605774336
1236425384511619082
1236425385837035520
1236425415855493120
1236425421182447616
1236425423778709505
1236425425687101440
1236425434772000769
1236425441491275778
1236425488257687553
1236425503734738949
1236425504393175041
1236425517403967494
1236425532868366338
1236425564204027909
1236425598190391296
1236425631325249536
1236425673910222849
1236425693266755584
1236425704763543552
1236425712959193088
1236425755493531649
1236425759457239042
1236425819209240583
1236425847013126144
1236425853145419777
1236425855154491393
1236425865942228994
1236425871600336896
1236425892836126726
1236425942064603138
1236425944518311936
1236425944593809411
1236425969545641984
1236426001799839745
1236426040513384448
1236426094628212742
1236426103885004800
1236426105675870208
1236426113808809984
1236426146255736833
1236426162420711425
1236426197078327297
1236426216346959872
1236426216825073668
1236426238853632001
1236426258759725058
1236426301151629313
1236426353660121088
1236426363541782529
1236426374602264576
1236426385557573632
1236426387206148100
1236426406344765440
1236426444059725825
1236426468282044416
1236426469200605185
1236426499760193538
1236426500083245058
1236426538654072832
1236426547235610626
1236426567930306560
1236426583994499072
1236426592588566528
1236426593746194432
1236426602411626498
1236426647676620800
1236426649308020742
1236426680933154818
1236426732099510274
1236426742123958275
1236426744900595717
1236426748398469120
1236426783504949248
1236426824575406080
1236426835765923840
1236426836755636229
1236426839914151943
1236426854841622529
1236426860302606341
1236426885254373379
1236426901377425408
1236426913289326595
1236426923858972672
1236426925888897024
1236426945967075328
1236426949372887040
1236426955681157120
1236427006939738112
1236427019467931648
1236427019497492481
1236427038124158983
1236427059045584896
1236427059133665286
1236427128314396672
1236427148816273410
1236427155296399360
1236427157439746050
1236427201647648774
1236427202201346049
1236427206991196161
1236427228067647488
1236427230655496193
1236427232089800704
1236427235869016065
1236427238100393992
1236427261181603845
1236427270115516417
1236427278084493313
1236427292030664706
1236427300129947648
1236427321067876352
1236427373664440320
1236427373874200576
1236427382225022978
1236427382250188801
1236427397760724992
1236427411018985479
1236427418744819717
1236427433059876864
1236427441113088000
1236427452580323329
1236427459920265216
1236427476479479811
1236427490463186944
1236427505415983106
1236427551297417217
1236427551553224706
1236427563821666306
1236427578795229185
1236427591223042048
1236427613314351106
1236427617554792451
1236427628904681473
1236427634155847680
1236427642448068608
1236427658147348482
1236427676711256070
1236427679739543552
1236427703697518592
1236427704108560386
1236427710165114885
1236427723603611648
1236427725717540864
1236427755794894850
1236427761780240390
1236427775315079169
1236427786153332737
1236427808097910784
1236427826397577217
1236427859473858562
1236427860426010626
1236427932622417920
1236427934333693952
1236427962397921281
1236428003246256129
1236428118786805760
1236428128031051777
1236428218133078023
1236428236474601472
1236428245593186309
1236428297636118528
1236428369421426689
1236428372357582848
1236428448412860416
1236428454213693443
1236428460043784192
1236428466796597249
1236428502926340096
1236428503068934146
1236428521695838208
1236428552926609408
1236428562468679680
1236428571314278400
1236428613504786432
1236428639954239488
1236428668123205633
1236428669234622464
1236428683335909376
1236428695075786758
1236428695193165824
1236428726545592321
1236428750918684676
1236428781935624200
1236428814848331776
1236428843059015680
1236428857256873985
1236428883416821760
1236428905009098752
1236428907320139776
1236428914118938624
1236428933203189766
1236428943823159297
1236428953482493953
1236428968372428800
1236428980942561280
1236429011947081729
1236429025989591040
1236429031156965376
1236429046763880450
1236429066820935680
1236429080049975296
1236429107568803840
1236429111402299392
1236429135930707968
1236429193401053184
1236429221179899904
1236429229593690112
1236429269602938880
1236429279006728195
1236429290855596034
1236429300666171392
1236429307381243904
1236429339291455488
1236429343271858176
1236429367321997312
1236429368110571521
1236429394568241152
1236429412826066944
1236429418429636608
1236429422527307776
1236429445596098560
1236429452932001800
1236429554555719688
1236429574570946560
1236429598520414208
1236429603889168385
1236429613611565056
1236429616287551493
1236429624466432005
1236429628727844864
1236429637250670593
1236429643391086592
1236429645836361729
1236429655604936705
1236429663221821440
1236429705047355393
1236429717605138438
1236429729726705665
1236429751243472896
1236429772894490631
1236429789625569286
1236429809544282112
1236429814011215873
1236429852795904004
1236429875419979778
1236429881178808322
1236429893547802624
1236429895313633281
1236429900023726080
1236429904289452033
1236429926389223424
1236429942365224960
1236430013764952070
1236430028105289729
1236430064545390599
1236430066978033666
1236430070920679425
1236430109898350592
1236430160926322689
1236430172359995393
1236430183994994689
1236430187404894208
1236430190185721857
1236430190609399817
1236430197374750723
1236430213031981056
1236430217893359617
1236430248700502016
1236430261593812992
1236430270473080832
1236430296565927936
1236430314156761088
1236430319374471168
1236430326617997313
1236430349753823232
1236430355344826369
1236430356531654656
1236430358071173121
1236430376605646848
1236430385363521541
1236430403000356864
1236430425263923206
1236430451755175937
1236430452342362119
1236430499897368576
1236430580088279041
1236430595103875072
1236430611004481537
1236430667279470592
1236430684836843521
1236430702893203456
1236430710480625664
1236430810091327497
1236430847487684608
1236430851941883904
1236430864013279232
1236430868375375872
1236430871885996039
1236430885261643776
1236430886528266246
1236430894212186113
1236430903896707072
1236430904630837248
1236430914231709697
1236430953180004353
1236430991973134336
1236430997308219397
1236431042673872899
1236431075183857665
1236431097107378176
1236431100463001601
1236431115000451078
1236431116195618816
1236431118699761664
1236431134621405185
1236431194570526720
1236431222831800320
1236431232495468551
1236431248194707456
1236431252837797888
1236431273960312838
1236431283766657027
1236431290901114881
1236431294646681601
1236431356030259201
1236431357787717633
1236431358693498880
1236431386690514944
1236431396614344706
1236431477153431552
1236431478646542337
1236431484900249601
1236431487349731330
1236431494656282629
1236431523206828033
1236431524741906433
1236431530425188352
1236431539254308866
1236431570807992325
1236431627670126592
1236431635622629376
1236431649073659905
1236431664450076674
1236431668581404673
1236431676030550016
1236431678496821249
1236431684310097921
1236431689557082112
1236431716543234048
1236431727301734409
1236431748126445568
1236431769710231552
1236431777486508032
1236431792841863174
1236431808184623105
1236431823342895105
1236431832582938625
1236431841713721345
1236431893761085446
1236431913583345666
1236431942607933440
1236431945699078144
1236431962816090112
1236431963420086279
1236431965068427264
1236432018113732608
1236432019476877312
1236432041262096384
1236432044076470272
1236432055480827906
1236432062988632064
1236432144697831429
1236432150079168513
1236432153287811072
1236432164037763072
1236432170417340419
1236432204248596481
1236432208845508608
1236432214914629634
1236432222309269505
1236432224892981261
1236432233944231936
1236432283386683393
1236432285777477637
1236432309328293888
1236432349857853441
1236432372570173440
1236432379583004674
1236432419470917634
1236432442979827712
1236432484650201089
1236432485715718160
1236432490753122304
1236432502086082560
1236432502178357252
1236432519270203394
1236432572504330240
1236432592036978689
1236432618188673025
1236432624458936321
1236432629852971011
1236432681396830208
1236432697947492352
1236432699881070595
1236432703479787521
1236432728280596480
1236432748627312641
1236432752804839424
1236432759889055745
1236432778314625025
1236432782634749954
1236432845322813440
1236432846954344449
1236432862477537282
1236432862808858626
1236432873768603654
1236432911362076673
1236432926096539648
1236432935349153793
1236432938981560322
1236432940340559872
1236432950318768130
1236432955511373825
1236432969323118595
1236432994803597312
1236433004194672641
1236433008225288197
1236433016286781440
1236433050071896065
1236433068363337729
1236433077947301889
1236433088273580032
1236433118829015041
1236433148315078657
1236433150944870400
1236433155080572928
1236433160650571777
1236433171027238912
1236433178954514433
1236433199032610821
1236433206385291267
1236433215667212288
1236433230137626624
1236433233212067841
1236433255341027328
1236433282134413313
1236433282604191744
1236433290158112768
1236433310408216577
1236433330100473856
1236433330423422976
1236433344973410304
1236433357795295233
1236433389282037761
1236433439571746816
1236433441060573186
1236433456864821249
1236433470358007808
1236433474107723776
1236433481175048192
1236433485071552512
1236433501563559936
1236433509998301184
1236433511390875649
1236433519867564032
1236433537613479936
1236433538846789635
1236433546673340417
1236433565526773760
1236433583033573376
1236433617095667713
1236433627946385410
1236433664340365313
1236433673274249216
1236433677682434048
1236433707747160065
1236433717876477952
1236433720321728512
1236433731155562496
1236433732699140097
1236433736713076738
1236433739573420037
1236433744539443201
1236433757508419587
1236433763179077632
1236433798893535238
1236433812160229378
1236433818552356866
1236433861963329536
1236433870679130113
1236433882423181323
1236433893810675712
1236433893865263104
1236433909166080002
1236433922432684032
1236433946541424641
1236433949011988481
1236433970427985921
1236433992729182208
1236433993257619457
1236433995447050240
1236434004116508672
1236434005957976064
1236434023368589313
1236434024014503937
1236434035896877056
1236434045438963713
1236434057753395202
1236434110387834882
1236434122773495809
1236434126103810048
1236434145368248321
1236434154797051904
1236434181678301190
1236434185272737792
1236434185356742657
1236434192789094401
1236434197218316289
1236434212833681413
1236434214758895616
1236434223373975554
1236434227597467648
1236434241740779525
1236434242227314693
1236434249680654338
1236434259692396550
1236434298393280513
1236434350000005130
1236434386431639552
1236434386851110912
1236434394543505408
1236434414554488834
1236434453410516999
1236434459123163142
1236434489703903233
1236434489871609857
1236434497794703360
1236434501796061184
1236434560084213760
1236434579449352199
1236434587817070592
1236434588416737281
1236434610982211585
1236434642112327683
1236434642829484032
1236434660395225088
1236434667395571718
1236434695266729985
1236434709464453122
1236434723460743169
1236434739810230277
1236434741353754626
1236434756834746368
1236434763436654592
1236434764724424704
1236434821548777473
1236434834714554368
1236434839999561728
1236434848908226561
1236434852204945409
1236434865723256832
1236434871389753345
1236434877387603968
1236434922505715713
1236434926750314496
1236434930860777473
1236434934040006656
1236434949689008128
1236434959637909511
1236434979812454401
1236435010313478144
1236435020786491392
1236435049031090179
1236435064583360512
1236435074582798337
1236435099417219073
1236435105079590912
1236435135295180800
1236435135492472833
1236435138461880321
1236435164479270914
1236435180803502081
1236435197345890305
1236435286210547712
1236435293940731905
1236435322872922112
1236435338115112960
1236435343286710272
1236435357723430912
1236435373955452928
1236435390111707136
1236435419031576578
1236435426044411906
1236435428724572160
1236435442536534019
1236435469061304320
1236435479643533313
1236435510840754176
1236435514942722049
1236435518457630720
1236435529417228294
1236435532827316225
1236435549570777088
1236435563177291776
1236435564242575361
1236435630080626689
1236435630747418624
1236435639949721601
1236435670475968512
1236435684082290688
1236435692970020864
1236435701744513030
1236435744203382790
1236435765300625408
1236435765888012290
1236435837996466177
1236435844644450305
1236435869390630912
1236435874419806209
1236435879624933378
1236435903704375297
1236435910553735169
1236435925455912960
1236435932674473984
1236435933467152384
1236435938311573505
1236435953088069633
1236435953318854661
1236435954031824896
1236435979038310401
1236436006439698439
1236436007844597762
1236436013859438595
1236436029990674433
1236436032893190144
1236436035418152960
1236436045601878016
1236436059451318273
1236436071069687808
1236436084088885250
1236436118855462912
1236436131954253824
1236436176082534400
1236436185486184448
1236436188816433155
1236436237432602625
1236436269183512578
1236436284203249664
1236436288225652741
1236436294332375040
1236436331963834368
1236436351135907847
1236436360111828993
1236436366025785346
1236436382362619912
1236436407880683520
1236436421889732609
1236436428642553857
1236436451354697734
1236436460359778305
1236436467523690499
1236436468807225344
1236436469151158273
1236436570036723713
1236436606220787713
1236436641658613761
1236436694779322370
1236436699988856838
1236436708297707521
1236436724336734210
1236436742258991104
1236436753285885952
1236436796785020928
1236436803994947585
1236436808113762310
1236436821149655040
1236436842297393153
1236436904830062592
1236436915819249664
1236436969036681216
1236437020223963136
1236437043007414277
1236437046136315904
1236437062619762688
1236437096098942976
1236437109663285248
1236437143289040896
1236437149085507584
1236437155850878977
1236437202709684230
1236437288768491523
1236437290689462272
1236437343944552448
1236437375108157441
1236437385912647680
1236437390203502592
1236437461036756992
1236437508600270849
1236437538530787329
1236437560810971142
1236437574979407872
1236437578250936321
1236437598387798016
1236437629744197633
1236437715765338114
1236437729044336642
1236437741031882752
1236437749542137856
1236437766772146177
1236437772170416129
1236437788146491395
1236437789580935168
1236437803619299332
1236437804466548739
1236437840042635266
1236437869880901643
1236437873060020225
1236437874045837314
1236437884661633024
1236437911920402432
1236437923161128960
1236437939716001793
1236437945520926720
1236437971747946496
1236437985492643840
1236438032472895488
1236438043504107521
1236438073375952899
1236438076563632132
1236438078383894528
1236438097686036480
1236438097858105345
1236438108427730944
1236438126245154822
1236438171077849089
1236438224433606656
1236438236324679680
1236438243907862528
1236438257895907331
1236438261721169921
1236438269740679170
1236438337742876673
1236438362346717190
1236438385042096130
1236438413294874624
1236438418554359808
1236438421976920070
1236438448103456768
1236438520794882048
1236438522124517377
1236438530265690113
1236438561626427392
1236438565690769409
1236438577829085185
1236438579582308353
1236438640928133120
1236438646368206848
1236438652517076992
1236438653632643072
1236438708418732032
1236438734452805632
1236438762084659200
1236438767772282880
1236438768913199107
1236438791113621506
1236438827658600450
1236438845656379392
1236438856205062145
1236438864547287040
1236438866476875776
1236438940099502085
1236438954376925189
1236438962228670464
1236438978435448832
1236438987956465665
1236438996303126530
1236439007485190145
1236439019103211520
1236439033665986560
1236439046831955969
1236439128016850945
1236439134459195392
1236439158039732231
1236439171578957828
1236439178684116992
1236439183180345345
1236439186158374912
1236439189937434625
1236439241728589824
1236439262813356033
1236439271210450945
1236439271420149763
1236439282308481025
1236439291171135488
1236439334439526400
1236439374574714881
1236439383189803008
1236439392169996288
1236439411782541313
1236439425065852929
1236439435971002372
1236439439183921152
1236439451921874945
1236439493911220224
1236439514807259137
1236439531479588864
1236439532578443265
1236439533761302528
1236439557903650817
1236439566543880193
1236439581286969349
1236439646344753153
1236439677487505408
1236439678762520578
1236439685616013314
1236439689969745920
1236439707413872643
1236439741253529601
1236439742490836993
1236439762384203776
1236439762824724481
1236439770932432898
1236439771528003584
1236439811352940546
1236439812288249857
1236439850599014400
1236439858643644417
1236439861361590274
1236439869162835968
1236439914344067080
1236439926939492352
1236439933381939201
1236439960359706625
1236439971088793601
1236439990604836867
1236439993817559040
1236440031817895936
1236440065431273472
1236440068354686976
1236440118283526144
1236440118510211073
1236440118891810818
1236440158939078657
1236440169571422208
1236440191243517954
1236440226316369920
1236440268859113473
1236440278594195456
1236440299406331912
1236440302514327552
1236440321917140993
1236440341370286080
1236440346487402497
1236440351927345152
1236440400300105728
1236440406096777217
1236440456931749891
1236440497499058177
1236440523658928129
1236440545423249408
1236440639157534723
1236440656689664001
1236440669075525634
1236440690093166593
1236440692173557760
1236440701996597258
1236440704710316033
1236440715254730753
1236440715732844544
1236440716903145474
1236440738717528065
1236440746766499841
1236440751950778371
1236440756224737280
1236440761270439936
1236440771861139456
1236440775522746368
1236440784569806849
1236440802999574530
1236440812726059008
1236440817503436801
1236440821492322312
1236440834331025408
1236440854765670401
1236440866472038401
1236440867386392576
1236440869634523136
1236440882754224128
1236440883010158594
1236440897031733253
1236440897816006658
1236440932259713027
1236440932502962177
1236440981723058177
1236441026530861056
1236441051327496193
1236441052107718667
1236441053206437889
1236441067689517056
1236441070541721601
1236441090468851712
1236441103085207552
1236441132067848193
1236441158731128832
1236441208525934597
1236441211616907264
1236441284019212290
1236441285352964101
1236441303778570241
1236441325437890562
1236441326356443136
1236441342240264193
1236441344337420289
1236441379829624832
1236441387517829120
1236441398733307904
1236441399945396226
1236441403649142784
1236441411219841024
1236441416005324801
1236441434670149637
1236441440726552576
1236441487153475589
1236441498725556224
1242630622922801152
1245427332606767106
1247650444068950019
1251954351699972097
1253843257223766022
1254956123569913856
1255142958057132033
1255647163993989120
1255938788959936515
1256019820048527362
1263125867213074438
1265900322712694786
1267493722855477251
1268351266889125888
1268390667849535489
1273719970858512384
1275600491909648389
1275600902997651456
1275601579891200000
1275609961243062274
1275842299935817729
1276095049592381440
1277798305188024320
1278163636033331201
1281262585078136832
1281696893362417664
1282464504694165504
1285373127103578112
1285526203017900032
1285674430979624960
1285839388585463808
1285860621817384960
1286092723485839360
1286171828642295808
1286217659189735425
1286310587622985730
1286707645106225155
1286831631970443265
1286831829719244800
1286832300726996993
1286833038891065344
1286833158751649792
1286833216477962242
1286890170315345920
1286891134153904128
1286942789167730691
1287007002040958977
1287098829255450626
1287125942012465153
1287155585159516160
1287172194078986240
1287211205489127424
1287285356501622784
1287361531559251968
1287498231451209728
1287499801941151744
1287570321109929985
1288042915831349248
1288202087713722371
1288657405518192642
1288839275371528195
1288913160376856577
1289258316774834176
1289417504792559619
1289586580122869760
1289678081557270528
1289952822684012544
1290361305774333952
1290461075884965888
1290474547582574592
1290474562791116800
1290474575667572736
1290474700414443522
1290474768957935616
1290474895646875650
1290485907322068992
1290486568348655617
1290486582609195014
1290486597566128130
1290486615169671168
1290486633616166912
1290486657733410818
1290486673172701185
1290486689563987969
1290486711735074825
1290486731666370562
1290486785437392901
1290538299266867201
1290641191428661251
1290659146333904899
1290673563939168258
1290870162871263232
1291167415661977600
1291416114518523904
1292332181222600704
1292678174124449792
1292953109380182017
1292982200737177608
1292982237751914508
1292984281715945479
1292984352436105216
1293340879453925382
1293564111184371712
1294078966043574273
1294372053068513285
1294456650863005696
1295101092611555328
1295680388912893952
1295875146671104002
1296516685118222337
1297153619591073792
1297153669100699648
1297632336478121990
1297893947034013697
1298331677966573568
1298849030944903169
1298940495356456961
1299282340540223488
1299386695889178625
1299401782926413824
1299412750511353856
1299413606371647490
1299499330353721345
1299521089945694210
1299525587191689217
1299754605006524417
1299770426969731078
1299771152273874947
1299862665020407808
1299895484929249280
1300243533283155969
1300396069084332038
1300500538077769730
1300603138475470849
1301203685066846208
1301219412658270210
1301284113576493056
1301404513987899393
1301405027970494464
1301930171767939074
1301931462996963328
1301932129346084871
1301934535937077248
1301937867258769408
1301964923765960704
1301970188271857664
1301976131617337345
1301977604807954439
1301978695578652674
1301983426988433408
1301988577262342147
1301991899461570560
1302011799517229056
1302024736243941385
1302175619078328320
1302197595264225282
1302391655388020737
1302412566749163521
1302632715175563264
1302635029370204169
1302635722885730305
1302840168244748288
1302843093549547525
1302891815864016896
1302891829768196098
1302965185435574275
1302997646307741699
1303269113331056640
1303520093587025921
1303520320083681280
1303520450727809024
1303581456430661632
1303621611518660608
1303729665337634816
1303822957530185728
1303929802840256513
1304201177832148992
1304521634330611712
1304525429819179010
1304578457515577345
1304797553200951296
1305315543394603013
1305971111004315648
1306330024828702726
1306330046626439170
1306458125885612033
1307405651879092225
1307543938216202242
1307699581166202880
1307715839009853440
1308010717631705089
1308130029742759938
1308598588835090432
1308762182260322305
1308830338962067463
1308874486159216640
1308874693546594305
1309259671832797184
1309946886720233479
1310662561591951360
1310784472145592321
1310972511203586048
1311121737116004355
1311320608509173760
1311325601043800064
1311387027653484544
1312146499027914754
1312177895561854983
1312390072990420995
1312786223354843138
1312787755034980355
1312812784208482306
1312817140316209159
1312958850765553664
1313002765220806656
1313100607641858048
1313184024962236425
1313572990710435841
1313614875231432706
1313646436232331266
1313845225073377282
1313849471277514752
1313871332472487941
1313872287247065088
1313926845390303232
1314001398552428545
1314016672773271552
1314179524599386112
1314276627849924608
1314372275714641920
1314378178354388993
1314591435077955586
1314703448324046848
1314782757390819328
1314943963112112128
1314948452640489472
1314954926297096193
1314968951831629827
1315005551517073412
1315005704755871752
1315020365874319361
1315050920120647681
1315101804473004034
1315116460788899845
1315119126260703232
1315147691593265154
1315298047719596034
1315486464210329600
1315658679623000064
1315760253443563521
1315763073215590400
1315765935408463872
1315773153952641026
1315810389267890176
1315988979012055041
1316387498529038336
1316636963047383041
1316809026655617027
1316906622904578055
1317079138142912513
1317322501454622720
1317345037886238722
1317495812306382858
1318179176998948866
1318231288470335488
1318298483443572741
1318503512456761344
1318504737768079361
1318573218228244481
1318584867102273536
1318612537768857609
1318616478577512460
1318633194443448321
1318644692347703296
1318750157803081728
1318872495995453440
1318923342087397376
1318953909659095040
1319026989232246793
1319052187016843266
1319324830001410048
1319446517095165952
1319448991399055360
1319504014946566145
1319650405459070981
1319758682566103042
1319787491851931650
1319830473040953345
1319836381603155969
1319867238527213569
1319872798987341829
1320031699611176960
1320074399056265217
1320294242820960256
1320329211459084291
1320443439415238659
1320542629134782464
1320588832773910533
1320792873261027334
1321348869544955904
1321381975735808000
1321383074744205312
1321385945145507840
1321452176728875013
1321566759325999105
1321613752375119873
1321661347751464960
1321815123414208513
1321821680432488449
1321838181281660928
1321853710096584704
1322008345927127041
1322151151387758592
1322199965557469184
1322235524095102981
1322306677283147777
1323105986849234946
1323142532839186433
1323207300321103873
1323333143735103488
1323408231314710528
1323746009193828352
1323860427202199552
1323985740880117760
1324004226775896065
1324060649845084160
1324061435501096960
1324068881741369348
1324069133663744000
1324084466919288832
1324111417646161924
1324132427212726274
1324395389357838340
1324528105797595138
1324550161226498049
1324626639389659137
1324708997031669764
1324737809241022465
1324848003866333186
1324888440144539648
1324904117890912256
1325066676132585473
1325112762134114304
1325259351511199744
1325260067751555074
1325543857514229760
1325559033563111427
1326620541101420549
1326701520746897408
1326938674722971649
1327237891001618433
1327249427040505859
1327347422444605440
1327519144896557057
1328050931087372288
1328054306260520965
1328161730019602433
1328167445060841477
1328312931444985856
1328457275007242245
1328580761767776256
1328933333787664387
1328935306977013760
1329092542961369098
1329144476112203782
1329149133026779137
1329238828008214528
1329447277832892420
1329467594215202816
1329499762563964932
1329499849067204608
1329553254561112064
1329619594215092227
1329781067067387905
1329799778469810179
1329864867998732288
1329963388169056258
1330080679649038341
1330269802464686080
1330343730323349506
1330449460627984384
1330451936290742274
1330452180843761664
1330537650017722369
1330590521560018944
1330616684370137098
1330680052430811137
1330680074924912643
1330843182821740545
1330860036512428033
1330890249204080640
1330987377569968128
1331062608561102854
1331064328074747904
1331065393063096321
1331066039988260864
1331071727921750016
1331073639953870850
1331073779762483200
1331074391527088129
1331176645240164352
1331342658611109895
1331356595029209088
1331456042606026752
1331461134797459461
1331661070302408704
1331681542083579907
1331682367287779329
1331811612764803073
1331985832719183874
1331990276550893569
1332131203747631109
1332354445355732994
1332375518155591680
1332392274572021761
1332618142179332098
1332873884903690240
1333289462386872320
1333445610381275144
1333488798026653701
1333500449782190082
1333505733539864577
1333579244694278145
1333581586407821317
1333635670867402752
1334209714247380994
1334225003399831555
1334258028284141576
1334289687566032899
1334323832866353153
1334345297045016582
1334547793461985287
1334951189625122818
1335036701094383618
1335359611872956419
1335455457130000384
1335601852885458946
1335691202054791168
1335709007349043201
1335954321482059781
1335987906347986946
1336086755213266944
1336144089331474433
1336286203851776001
1336394636647157765
1336507371649056773
1336892787355217920
1336911985301213184
1337193579450486784
1337221116830552065
1337249403845955588
1337516646009802753
1337516656663228416
1337984036686467072
1338025217520766977
1338260286520877058
1338281593304215552
1338281750162776064
1338531036624404483
1338692540405407744
1338870630087798784
1339025706039214080
1339041928386580480
1339350285857267714
1339453285552418819
1339456054623657984
1339570008830128128
1339670346434265088
1339681759009648640
1339684636360884225
1339967654606512128
1340081951865245697
1340337836667658242
1340485608230236161
1340742052468944897
1340877382941634563
1340886050403717123
1340998711888007169
1341014640273321984
1341056781544546305
1341059026927271937
1341074114375725058
1341097935761793030
1341115353632542721
1341147157550817286
1341391405793632257
1341419369885274113
1341419395076280321
1341522952882434050
1341589081613094913
1341758963667398657
1342030117225299969
1342266112671686658
1342348200301256704
1342498682604843014
1342923277078040584
1343034205798850560
1343035320946798594
1343035335740190720
1343230391839285248
1343364323779948548
1343446092021723137
1343594326803296262
1343942420380188672
1344136431581671424
1344301707476561925
1344331510254596096
1344385813564563458
1344390949930196994
1344417326825938945
1344418023734730759
1344418659893186560
1344419251764002816
1344684654515859458
1344691941242503171
1344727756785913856
1344728434476462080
1344730603787153408
1344730833119293440
1344731083594723329
1344731186564915202
1344731212720455680
1344731297655246848
1344731518216925186
1344731789441564673
1344732789233627136
1344734702813515777
1344734766780788747
1344735962740514825
1344736392849608704
1344736550542860289
1344737164194701328
1344737630609698820
1344737905718288385
1344738411375190019
1344738933058527246
1344738947650490370
1344739787807354880
1344739840391335937
1344740088492732417
1344740580966862848
1344741614766460930
1344743817132576774
1344745136459304961
1344745474083987457
1344745886740430848
1344747180855324681
1344748097956671501
1344749974387646465
1344751219408039947
1344751251955838996
1344752211251879936
1344753141343002624
1344756022062313477
1344756136273014786
1344756299263782912
1344756912022302723
1344758070778474496
1344759362359865347
1344759778065620992
1344759993979994113
1344760640137781249
1344764520011587584
1344767998758772736
1344768798830850049
1344769972883611648
1344773078052696066
1344775196360777730
1344776320182575105
1344776339304239106
1344776789978214403
1344777747550396419
1344779435745173504
1344779513847291904
1344780393564745728
1344780707919519751
1344782188479475712
1344783037104533504
1344783317044871168
1344783540882440195
1344784704965373952
1344785136479571971
1344785663556603904
1344785774328340485
1344787090723237891
1344788661162786818
1344788794885636096
1344790676949639168
1344790705152122887
1344790961898061824
1344790994005458944
1344791871911030784
1344791916567818241
1344793624878440450
1344794476024193024
1344794884390195201
1344795356773707781
1495505148302532611
1499261623613026304
1540656392461221888
1545713323601063936
1546425026089734146
1573095778125774848
1591497799350247424
1610117534119763968
1610763514167103521
1619459094716518401
1624827113198026755
1630427655752368128
1631092914964123651
1634346749811671041
1635195167211941888
1635310295060221954
1636037511951659008
1636311644295905282
1636404867404120078
1636425069919457280
1636759012971630592
1636771946720378898
1637845474165104643
1637901344798384131
1640000983202758656
1640430259190243328
1640431828988207107
1643428607698558976
1643825130886365185
1643840395003019267
1647015013889069057
1648780946525569032
1650980763309948928
1654790814797578240
1656665398530678785
1658283116258025472
1661103214043840512
1661938545945202691
1662224779397709826
1663318392223199234
1665543489164017665
1667237986272944133
1667536515944030209
1671698593139372032
1676095576620802049
1676769129171243020
1681398316435685377
1685525813779742720
1689896197622829056
1699140933458014209
1732224714188509621
1741603964477399104
1741604055737106817
1741604096895770975
1741604202407657485
1741604211144454488
1741604245269266861
1741604252835893350
1741604290542620823
1741604457899606429
1741604498496188920
1741604510118650032
1741604515420201469
1741604521774649405
1741604670240346314
1741604722144870750
1741604727274524900
1741604744106242259
1741604761382629395
1741604788800815554
1741604844593438754
1741604854663954692
1741604866429001959
1741604880958235088
1741604901308744100
1741604911048012175
1741604913111597318
1741604970888052929
1741604979217928590
1741604991905710305
1741604994594320385
1741605198072610876
1741605219878809645
1741605285381263624
1741605319984451824
1741605338539848096
1741605358961918260
1741605370361958844
1741605407292838101
1741605430412157332
1741605438892699987
1741605452700332487
1741605461202260348
1741605487744086293
1741605488293269516
1741605507561853277
1741605536947192075
1741605564029833387
1741605573152407937
1741605625325338885
1741605726798098668
1741605747904151921
1741605764542718183
1741605829512687678
1741605837108351310
1741605856679219335
1741605857660744025
1741605871057084430
1741605884256457148
1741605912433852486
1741605921355342313
1741605980306293196
1741606039999398184
1741606254185746576
1741606270942019703
1741606296145510615
1741606298435703052
1741606335136108804
1741606335395897509
1741606424742908020
1741606428870070591
1741606461065621920
1741606464404226210
1741606470536380739
1741606480011309284
1741606560416051542
1741606600090014203
1741606601243443261
1741606630058254404
1741606639218618645
1741606659846496715
1741606692050158052
1741606705576980846
1741606746865430778
1741606799654920513
1741606837852446873
1741606974150570446
1741606980484001926
1741607032631832602
1741607050462052440
1741607099396739430
1741607151892656602
1741607169890431004
1741607185971646478
1741607239981424755
1741607267613446380
1741607287775711735
1741607342939017454
1741607369090441672
1741607385624391700
1741607391886508366
1741607393392263249
1741607416163127583
1741607426414014477
1741607433028374616
1741607461948109252
1741607462954992122
1741607465005822137
1741607467421732974
1741607501856968718
1741607547600097682
1741607579254419666
1741607677162037693
1741607677598281831
1741607703070310721
1741607707344261613
1741607744610726048
1741607755792675115
1741607782506275232
1741607835077579252
1741607868648800318
1741607878761529667
1741607941935919470
1741607948235755702
1741608006712709317
1741608010022293746
1741608028431077583
1741608117614367132
1741608128666386774
1741608129777848457
1741608239131713778
1741608298150023252
1741608304064016463
1741608310779032035
1741608399651897368
1741608434372424025
1741608479289201079
1741608503498698994
1741608522469515570
1741608576739840108
1741608675590971422
1741608723271840139
1741608739520790609
1741608774102630730
1741608819409449400
1741608834739667265
1741608879493169157
1741608893313155445
1741609011580178558
1741609073903071605
1741609082677580088
1741609091011592666
1741609096464208376
1741609142953861564
1741609177691086961
1741609234674934127
1741609274462118179
1741609288722727308
1741609290824085581
1741609298348675180
1741609383488860205
1741609387939057910
1741609470516420839
1741609549323243893
1741609637319672195
1741609663882224066
1741609676595146972
1741609746140991853
1741609760552521898
1741609769582936265
1741609772992888986
1741609855238979976
1741609925069996275
1741609932565225966
1741609993999458757
1741610106658374085
1741610171418202324
1756491937161298035
1758334835112686046
1759269949854437407
1760354246875038091
1761908209105703320
1763289575768649924
1764602746886361517
1774562370590752890
1774565365483229449
1775262374913859808
1775971688930214071
1790245482104803494
1793191922611200284
1800214185122640328
1800247263178150112
1803564600778010971
1815010340834246823
1816507757417111890
1817713122628514026
1819083865090412952
1819207695229939718
1820902713712111681
1821661524949127609
1821683869742940206
1821726644492496960
1834782270613283299
1854938367219175725
1884223243567128674
1884237200843497833
1884281422283981063
1897893390832091626
1897897585828151569
1897921137625252156
1907699367781294209
1909125246013124841
1914230456410603849
1914783681912430688
1924969810028589524
1932357362817667296
1943827026580058189
1968220630593265824
1973405944068579508
1982940758647648436
