1212485510502858752
1212790763865673728
1212812983354552320
1213132933571190785
1213364913369956353
1213679186537263104
1215023218622222336
1216506227120885760
1216611436350173185
1216994830661902336
1217068933502709764
1217311915824730113
1217414903323033601
1217467716015132672
1217786256094121985
1217805489100279809
1218493234499985408
1219108599189794817
1219541933330092032
1219667246244671489
1220314440031096832
1220526554830319616
1220883810054746117
1221082154769227777
1221083040300064770
1221084212905816064
1221086350071488512
1221101673122275329
1221129443453947904
1221149111384100864
1221292260320514050
1221817657508294657
1221894766469795841
1222200598667247617
1222907310311387136
1223254174558773248
1223265983432941568
1223390375731068928
1223598931575234561
1223864317013041154
1224007154673311744
1224354617103912966
1224396387812610049
1224964269520904192
1225128103195709440
1225466922134839296
1225930137692246016
1226792889663074304
1226820840798539777
1226969257902301185
1227080700052021248
1227309084422045697
1227611827128979458
1227624819321196544
1227666440536367104
1227670992069197830
1227947140913061891
1227997172597129216
1228189636981215233
1228587494519844865
1229171916323291136
1229527934752391168
1229795551962705925
1230095734101495808
1230285250347094016
1230547029396357121
1230582598553833472
1230582815692976128
1230583032278466560
1230593898550091788
1230691361956884480
1230871694237208576
1230897361905307648
1231277342632431617
1231492229027336198
1232359592094363649
1232410304652468225
1233063669489184768
1233171047295389696
1234520144090664960
1234528109329817600
1234545688333213702
1234620653006938113
1234693253045211136
1234699179701698560
1234699356487528449
1234908919211921409
1234963043152547841
1235317965630910470
1235622349354831872
1236982367614578689
1237060934360850432
1237725860330983424
1237737288148418560
1238034019503288325
1238137729533325312
1238499776372576256
1238515840158334976
1238665444871020544
1238672264847130632
1238864240535986177
1239377140367400960
1239561529919442944
1239648387982598149
1240048014204395520
1240278057585426432
1240351960118841347
1240419024351170560
1240638522047913984
1240639914770862080
1240679261834481665
1240743878136868887
1240761132043784192
1240844759930937345
1240930735554355202
1241108736518901762
1241109152543518721
1241239225783054337
1241440437392588801
1241470131097743360
1241917671869952000
1242066142577000448
1242067781547425798
1242225338404528128
1242495763214561280
1242729695998693376
1243278003381194752
1243598054445535233
1244022258508673025
1244333520732000258
1244695123272835072
1244999354601148416
1245747618342469632
1245864499510312960
1246168127735562243
1246168733141401604
1246505405485809665
1246729606788526080
1246810763253047301
1247340316950237184
1248054292868526080
1248234125510823937
1248375303807700993
1248961759895080961
1249775659095707648
1250099099417874433
1250922951404408834
1252595804579278848
1252646104870596608
1252724452355215360
1252734755000537098
1254783632801067008
1254829100533002240
1254860120258785281
1254910729574133760
1254910735882301442
1255019066940678144
1256067997958987776
1256342893138239490
1257906578851651589
1258475936175054848
1258577388197330946
1260729384954200067
1262169343980437504
1262169418039267329
1262337451273699328
1262448548190269449
1262479464035991552
1262480634620116993
1262481073772126214
1262808402046181378
1263273614780104705
1263635429347266564
1263902269755580418
1264602057719324673
1267084749295755267
1267230784458354689
1267316214415704069
1267828904988798981
1267834802197139461
1268213429594140676
1268598634347728898
1268877936964354048
1268886767060516865
1269183089890205697
1269342376553861121
1269358760801304576
1269374427390763009
1269378554099306497
1269381486039400448
1269384208532664320
1269385803060437005
1269398801170792448
1269409232400646146
1269498112319483904
1269502242211745792
1269512373397749760
1269594744419692545
1269648457255587842
1269703020721377284
1269703172102205447
1269722067190140931
1269757779646046208
1269805094800961537
1269818506226229248
1269831698835017728
1269832774464278528
1269837235198795776
1269838344785141760
1269844960582553601
1269847761731584002
1269875525671157766
1269879799629008897
1269880281311277056
1269880963846115328
1269881350766690310
1270019790581764096
1270044657607680008
1270077383677104129
1270085232528699395
1270121721236992000
1270121825696129027
1270176002891800576
1270250319847383040
1270288531861188608
1270380912753160192
1270411285126053896
1270442356257538049
1270491522908196867
1270491777292697601
1270499984060960768
1270567728047362049
1270595094089887744
1270610710460915712
1270654866344591366
1270670897100324866
1270701157300817923
1270702683981320192
1270731660758339585
1270752585377513473
1270754123663605761
1270767116363485184
1270812311205359616
1270888296738992128
1270983030509838336
1270984816956145671
1271149671843532802
1271236462000746496
1271277360806010880
1271308866253459456
1271328255623049217
1271465205772550144
1271499652400058368
1271563289722576901
1271563299482722307
1271563657705553920
1271563667608342530
1271564049269100544
1271564076410384384
1271709105351057408
1271709528820613120
1271729356914614273
1271936078061199363
1271967952821256197
1272011736720322561
1272247304830038018
1272269393519693833
1272286636227784705
1272292797366898695
1272298202100883456
1272309723384229888
1272320791410085893
1272323361532710912
1272327533061705728
1272370878874083329
1272377362118856704
1272377517823766529
1272679980829417473
1272698249439334401
1272999349539213313
1273013362880851969
1273137840155754496
1273637415777964032
1273707068592058369
1273713049623560195
1273727727955214336
1274273040138997760
1274416036889182209
1274463970984898561
1274529139945607171
1274557681995571201
1274560441423814656
1274582966740475904
1274587803041427456
1274609032494538753
1274642484367327233
1274652235343917061
1274659169384034305
1274670044354678785
1274673786000797697
1274679828353028098
1274732396911439874
1274733139693166592
1274746325792362502
1274775637627035649
1274853809081196544
1274911757685993478
1274964013940641793
1275050154098339842
1275089046830604289
1275097297219538944
1275100519867002880
1275103156687433730
1275112471053754368
1275277307968708609
1275388043801686018
1275405758520266752
1275502410073624577
1275512751557877766
1275513261446832129
1275728377345912833
1275910138529021955
1276389253769986049
1276520533165735936
1276533587039395840
1276551248045641729
1276578120812892161
1276662346266664961
1276972186700480515
1277114831330578433
1277238313276133376
1277377903743942657
1277388841590984705
1277595316980600832
1277678732115755008
1277739006646726656
1277751833809862656
1277769054837760000
1278137997448314880
1278170293744394241
1278233668247449601
1278504455537864704
1279131292148420609
1279283322011570177
1279374025295376384
1279418537921196034
1279544069765677060
1279773505614209024
1279829336749740032
1280076516131401728
1280171868469821440
1280184115564863489
1280184800737820673
1280187013988302848
1280188213919993857
1280189018517405698
1280190125725663236
1280190783300263939
1280206699773792258
1280209256373944321
1280209628136169472
1280210003618435073
1280210782211518464
1280211278636539904
1280211672968450050
1280212043371556864
1280212791895490560
1280605924458102786
1280810651699613696
1280812842107547654
1280891432513835008
1280893116699086848
1280893466701115393
1280894462118334465
1280896443646119938
1280898617692356614
1280959136675647491
1281127589700988928
1281205228457660416
1281208240450174982
1281244014243700737
1281261457636823041
1281334047860494342
1281736688956563456
1282006032198389761
1282061567039807488
1282061782027309057
1282061910905688065
1282183196344373248
1282376117110878208
1283240322231791617
1283328426707836929
1283344285828632576
1283389273496936448
1283509537304121345
1283545820957155328
1283603583187873792
1283770883018907649
1283776532578816000
1283861733182849025
1283946245510307840
1284129342990123008
1284170739193544704
1284485029511393282
1284500433197768705
1284678015260274688
1284848672635711489
1285201366701314049
1285289401208143873
1285289794923384835
1285290603031465984
1285291356097622016
1285291911360712704
1285293630585016328
1285296043706527746
1285296364482691074
1285297130396155904
1285297267210059776
1285297933202718723
1285298661468049408
1285299027081404418
1285299554678525952
1285299921244041216
1285300184612769792
1285355705399156736
1285579630884220928
1285631472674770944
1285930010902069248
1285930753285664768
1286197119758602240
1286293199137337345
1286426666840010753
1286427602249490434
1286429079575703553
1286431324644024327
1286432963891277825
1286432970954481669
1286434659501580289
1286436008234323968
1286437863366762505
1286460102581653504
1286558800720408577
1286589615005216768
1286653323341230086
1286755065479430146
1286792885975867392
1286833072521043969
1286836768457850889
1286837774235181060
1287021197381648384
1287055398223015937
1287055778478788614
1287056280851566593
1287056411919290369
1287070470152609795
1287137582581768201
1287229851313856513
1287384524330917889
1288146017188290566
1288201419804352513
1288463676991844352
1289073271439110149
1289255847479009280
1289324452467970048
1289410510551527426
1289414965703479297
1289423730196660224
1289424101006696448
1289476646135713794
1289498224726663171
1289531842043842560
1289553683638755329
1289568171456958468
1289673683125116928
1290312625197158400
1290349420739997701
1290522961250680832
1290637635002814470
1290646229806919681
1290824878845767680
1290853678648360962
1290914278828990466
1291276975378706432
1291402001608253440
1291428503225851905
1291886436153724931
1292465318187503618
1292496803028508672
1292537485973696512
1292588576409083907
1292894752564752385
1293776684446035968
1293834137573326849
1294078730705534977
1294169258151170048
1294979183349727232
1295057312776781824
1295409839238242305
1295515834836606977
1295861398191386625
1296522012190334976
1296543196835713033
1296585965235064832
1296652369401438209
1296767435840905216
1297080903185899520
1297192151055507459
1297497159206686720
1297690334001082368
1298717609488027651
1298726891667546112
1298872195926679552
1298968320373293056
1299135827394596866
1299734814086447104
1299744719996628992
1299861896636452866
1299884353837838337
1300185164149121024
1300254783522168832
1300586331857473537
1300709662568914944
1300759066260787201
1301590974557282305
1301626729916702722
1301726352652070915
1301817849988685825
1301832224204038145
1302014055306018816
1302867708061593600
1302998998631034882
1303173698690531330
1303364608661446656
1303507684369420288
1303512633644060672
1303567258317447168
1303847588060213248
1303897210719891457
1304031751086518275
1304088146712428544
1304503479369715712
1304752074484330496
1304753975930105856
1304813118292402176
1304824972913905664
1304998000176115712
1306033411652452358
1306314238995181571
1306416313695375366
1306447793326882816
1306465424050020352
1306510968806137856
1306569445322694656
1306578993613877248
1306941806681247744
1307188053484670978
1307401604992294912
1307459886502916096
1307464360034525185
1307468344560418817
1307501457805959168
1307779205661364236
1307788205106892801
1308091286365384705
1308091620902961157
1308093345646796800
1308106407078658048
1308119124657213441
1308233935621685248
1308358129965502464
1308381429986926593
1308499640455626752
1309204866800259072
1309889991842172928
1310610825737129984
1310616808236486657
1310642709460381699
1311410638019678209
1311625097946566656
1311907511042101248
1311928547456368642
1312336662718943238
1312398243691548672
1312442788567371776
1312530201725726720
1312676485875011586
1312794889885753344
1313361787136348165
1313823987458338817
1314138342557057024
1314215054095466499
1314235429600845824
1314902050849935360
1315403146022260737
1315771571571625986
1315852906168369157
1315982596787105792
1316113539501875201
1316147477612040192
1316394248346857472
1316465817853321216
1316542617899814912
1316542918048378881
1317091327511830528
1317202246451548162
1317282150866182144
1317485710870482944
1317508089164201984
1318096231604776961
1318944917423575041
1319093219322335232
1319184993143427073
1319330175734009856
1319403180225138689
1319792855112732672
1320323517267742720
1320522917701160962
1320906994526703617
1320951753928564736
1321139258514702336
1321467845604233217
1321683012388491264
1321960317094711297
1321979347805237248
1322128421057630209
1322464074391822336
1322557042603687938
1322622002729943041
1322622934217871365
1322913006687150080
1323203698709786630
1323348662605410305
1323621595626262528
1323656431812444166
1323679110342840321
1323696450631471104
1323709459710005248
1323751477723234311
1323755081989316608
1323889461269323776
1324016906181881859
1324084873527762947
1324358451728965632
1324367601716264962
1324417104104157184
1325297847366000642
1325799103993884674
1326691195280449536
1326694388743823360
1326959950799712256
1327297888125411330
1328462035286429708
1328639018502742016
1329427964908498945
1329469710245785608
1329634865541754881
1329956862389874688
1330820944990965760
1330889454685458435
1330889724358168582
1330889859393843201
1331064748058714112
1331342592383086593
1331408628855812097
1331424313581441024
1331657577709580289
1332427881377648641
1332694537949634560
1333551392418619395
1333597847699279875
1333941679246569473
1334296237990875138
1334505168822386688
1334804689536360449
1334976499758280705
1335604290589765635
1335879282112000002
1336115619901616130
1336379187356184589
1336574058411003904
1336966383876403201
1337550914165608448
1337796913937211393
1337799142035222528
1337817757463814144
1338950414255988736
1339122614971731970
1339154170104909825
1339433464010072066
1339832411316744192
1340005356970401794
1340429158552199168
1340601857815789570
1341070081875308544
1342161412383252480
1342238846386376704
1342514312804528132
1343203342605017095
1343930190989197312
1344172372044238849
