1874875605545873715
1874949325345951932
1875448035918147938
1875933158161662083
1876141898433176059
1876185236477800721
1876445366738104474
1876904059472368020
1877030833741037647
1877362664483004464
1877452730706403475
1877586902187999524
1877756760003432781
1877791065698107733
1878769243308884267
1878926284916691143
1879092444173898137
1879273306508968128
1879424512393159160
1879843289983324469
1879941334380978563
1880018985837818333
1880291144774607063
1880556192562389378
1880667418634359171
1881719146167275843
1881892580557984040
1882087492536406131
1882096673817600272
1882779407338836148
1882780355721126235
1883681355722314200
1884144607073849515
1884163502270734524
1884171866207846848
1884178982175924552
1884216748402172006
1884223243567128674
1884237200843497833
1884280539412374013
1884281422283981063
1884362436758639032
1884406327620866161
1884451062398214306
1884487374777802802
1884487517526753392
1884487754332979202
1884487875326050432
1884488452705509447
1884488629818470412
1884488831048556856
1884489027346108540
1884535919170195724
1884629048078303694
1884650053148512391
1884650393218556168
1884969613722878437
1885283854203621552
1885523469233754274
1886369392805691885
1887013510238101582
1887015250840707255
1887142649863229918
1887540418327277706
1888812879480029452
1888835299880407315
1889165406947954763
1889205039539126436
1889613725537067107
1889923594685391108
1889963051681747405
1890014308047761825
1890322432491147769
1890329385326023036
1890416161440821263
1890502284485800092
1890679323817848933
1891140164828696920
1891166955173716343
1891675075096564053
1891835062624321804
1892261858603659376
1892593514359271843
1892889403984433638
1892935572819218494
1893218067297005779
1893429843632562635
1893539139519148486
1893607800409923883
1893671258396479622
1893821303573872705
1894086866418246036
1894270584357367951
1894270796299690146
1894271042920624147
1894271262983131501
1894756807547007421
1894995465722056988
1895096897825837059
1896204978211226108
1896463850494624238
1896509840136286558
1896517868327686366
1896522480535347625
1896581727344263626
1896815896238449100
1896895668708630978
1897108301089006043
1897248258457567412
1897893390832091626
1897897585828151569
1897921137625252156
1898367342586773582
1898415453963509858
1898934156341412036
1899148430708232639
1899170137145536849
1899308174907486712
1899824547135693199
1900013826319249840
1900564134934041050
1901067166897623090
1901077403243606518
1901441921513300147
1901442480966369785
1901945486606499942
1902231058185154706
1902232538883510340
1902239234720985150
1902286134006133101
1902948708645306793
1903406902802842096
1903407589058064553
1903407820365582687
1903407886123872310
1903407960660779366
1903741846951493871
1903825224551842216
1903829161212313901
1904376721232507278
1904376738991247735
1904399054525616526
1904405589641379997
1904552376092295246
1904657306840641964
1904930673284300885
1905011143065968830
1905024134611898577
1905024410781630464
1905024667464630534
1905024809290830050
1905024965075943915
1905025361878094189
1905025529629040719
1905025780339347615
1905026672149090774
1905027028438430094
1905027144767426892
1905028470675017943
1905028581907976465
1905028739601219936
1905028920958713975
1905029056518594654
1905029203130540410
1905029549659758629
1905029681826713731
1905029861930082570
1905030008646578410
1905030134337552499
1905030349098205215
1905030859721441524
1905031008681931241
1905117934797934799
1905285545372303723
1905301409609764904
1905381456572006837
1905382687495368762
1905523950492299546
1905818012097323504
1905892554140188700
1905900556863848630
1905956699610952152
1906311527654678646
1906311868949360698
1906312150353658230
1906312419699249167
1906312736151052751
1906313072064565337
1906313320753152185
1906323003547480162
1906486568463872428
1906486589246640219
1906486614194348099
1906486638504526305
1906486664400126130
1906486687435514213
1906486707479814297
1906660752997408944
1906660773780160732
1906660789957644730
1906660952990158849
1906660968756887896
1906661010984865904
1906661031822115213
1906661052671992203
1906661070158086336
1906661118858101086
1906661130824499471
1906661142694379730
1906661210134626768
1906661235203956781
1906661249473212689
1906661263112798567
1906661549831258221
1906661560577098136
1906661572782530599
1906661592873197758
1906661605791666507
1906661618554998967
1906661631200723253
1906661643456594156
1906661662792294598
1906661676130144677
1906661688645951806
1906664038139879424
1906740230452887767
1906918009966637140
1907003212730712493
1907434936346222961
1907606241259487531
1907607354767475001
1907613755711619105
1907613955335332075
1907699367781294209
1907840865181012330
1907863327612580084
1908242168243720473
1908360749916840307
1908443947187257344
1908491360644022302
1908491405510553692
1908491425047552081
1908541513061061107
1908542197500125610
1908788382970356039
1908800139881279825
1908843976943157513
1908847342515544135
1909044526838165952
1909125246013124841
1909382999575003204
1909383814478020717
1909384655280693404
1909756168316088639
1909756210955399269
1909756257298231310
1910130145350025238
1910347247247573281
1910366008591683751
1910372777309417557
1910433808677048602
1910435181921738858
1910470915562811427
1910649393734099246
1910716054042444255
1910789144533410261
1910789965161930838
1910790807008792637
1910793364179480960
1910812749526946118
1911017081027592359
1911017184815374686
1911017546284740989
1911091983642148913
1911428838271102994
1911444982805717258
1911616855371825292
1911618316881305932
1911744204725715324
1911928935505449012
1911929052170015054
1911929072709488648
1912106946544427474
1912320310612730334
1912320854047838692
1912322906417201391
1912323409863725291
1912488139509403944
1912515001283133832
1912640042905874676
1912640064368050265
1912640155246116900
1912640202041938093
1912891572951343516
1912940854169440439
1912960855228166186
1912992597628633512
1913038843835527466
1913219239386710472
1913289002502832618
1913302764404592957
1913305305535938831
1913348194228113721
1913736569917214906
1913737208160199034
1913786651987546414
1913970752174637436
1914052400400261452
1914230456410603849
1914285454716698771
1914595952058397143
1914638919959732577
1914649652340613343
1914701477924536777
1914714869762261396
1914714984279658788
1914716996362502600
1914751456894124513
1914753628469854336
1914762106466893857
1914783681912430688
1914867178798539041
1915061882169307286
1915104193448116414
1915140352907919590
1915141212899876871
1915143453966586074
1915144499329982585
1915146744712642590
1915150275544809802
1915156865576751613
1915159040780599318
1915169607834382830
1915170395872706837
1915251926981107761
1915295503014576179
1915301862552592602
1915302251435872557
1915316874050457656
1915320175877832779
1915324202694910387
1915331792137052668
1915334938058002792
1915335664289407351
1915348168314675420
1915349107721318574
1915351269469733054
1915354799903526998
1915373142844870784
1915379248535060982
1915409183064666287
1915410163814609156
1915416040479109622
1915416631536243024
1915466222587760829
1915489953577881786
1915500368512930253
1915501933412163849
1915517883850936644
1915522635275870701
1915524980525125866
1915524999684788444
1915530073815269554
1915530361078940102
1915537018685149282
1915542057365491918
1915543532082806790
1915548045313233364
1915548059125137751
1915549397128991143
1915553867120496959
1915554910923378879
1915556611008983184
1915560862900797760
1915561077007384978
1915566166744932696
1915567573560709158
1915577134854402349
1915592495183917382
1915620358075437409
1915620770815844401
1915641658374340838
1915652542911938736
1915668242883821868
1915685897330139437
1915696864453669241
1915706140643479710
1915723107253243984
1915723425265443266
1915725950395752839
1915726502018081087
1915737898894188766
1915763906758258913
1915770477835862117
1915776180604604773
1915776193997017115
1915776266797502561
1915776335240138858
1915776566539268166
1915776689147150705
1915777620114915335
1915778965639246071
1915779987359101058
1915816129798234375
1915819628648911126
1915819736606425265
1915848631179219302
1915848924838941012
1915883030696137085
1915883540190740794
1915918296748093820
1915923581910880585
1915925641834172476
1915954897029156988
1915959242541957300
1916003990317187473
1916035408443674940
1916049506853949730
1916091496513626540
1916106894025904587
1916107022833004706
1916138924793094210
1916143415592439986
1916149350264136028
1916155428464902295
1916158013284532285
1916171353654276197
1916176513755472332
1916185178998792444
1916213812698423512
1916219425340182541
1916222883778437426
1916223691462951332
1916226641669337314
1916228229519839458
1916228284494328122
1916228315276579195
1916228435187298755
1916228468523864493
1916235706307108913
1916237706276806888
1916237847239020575
1916237903941800256
1916237936795754643
1916237960925663601
1916238001048273279
1916267317031538809
1916400446643519712
1916416897056178247
1916424445968756817
1916436604480073809
1916447810372710473
1916525025814888879
1916550673065238704
1916572667844706582
1916572698454761925
1916588156528607396
1916610726690803941
1916756873371430925
1916806843722084383
1916807428751925306
1916807532917490116
1916807563355513009
1916807647690473962
1916807772961702369
1916808347027755427
1916816272320319912
1916832883798364464
1916910583326056601
1916931277552554016
1916957784085553392
1916972255629775083
1917020965558510061
1917085313991614466
1917149486675022035
1917316024409505883
1917316044416573904
1917316761365500194
1917316829791367570
1917339473420918872
1917435391222632635
1917545066828042663
1917561156173971779
1917572469474615736
1917601401355788742
1917663526048481383
1917728832083100034
1917765776896872919
1917824211680387312
1917852055688941993
1917874866260189409
1918000618024665401
1918035911394185600
1918038448297877579
1918050413024104946
1918053152491766233
1918109930348843511
1918190747725050184
1918300366585651236
1918331203142177220
1918333842836079110
1918425247289885082
1918435477524300264
1918510389408506150
1918681118762471883
1918681173322080337
1918681730107478301
1918692263674237304
1918700241269719465
1918703913630314505
1918710024064368930
1918717503368204394
1918722154687824008
1918731137691562451
1918920513545523682
1918951512790769676
1919012156458061872
1919102434770649266
1919174070513418259
1919174818974359654
1919316274280087592
1919334700818039044
1919446173909135617
1919548301944262691
1919886464961171900
1919941404878344549
1919972350541332748
1919974296710984074
1920070537872609456
1920154276485124260
1920154761304637510
1920450780382835149
1920569392800079875
1920685903481127016
1920900725296517200
1921045322480185674
1921051114377544098
1921141234816442582
1921173512821047801
1921264167106855349
1921278099024462098
1921498319169188113
1921606272295522326
1922045955668324731
1922162926242160833
1922402648357003307
1922484599885529455
1922616561149325794
1922779876978733086
1922787304722030774
1922802447921119401
1922802723511996575
1922806709505909047
1922807024405877077
1922807461691429164
1922819868425847145
1922820858109653389
1922962314795397240
1922962441744330842
1922976673395339618
1922976741699534952
1922976806606377399
1923342600536268803
1923469736668533032
1923520793931284575
1923521079072653621
1923522234485969216
1923522813647819200
1923540505515700515
1923619031766151387
1923634937292611954
1923636291788513719
1923920846592397595
1924267088496992726
1924267873347707057
1924270808622342372
1924272422515093853
1924273462719254537
1924273543971275103
1924273840470835293
1924274448212873498
1924276392432152975
1924278036683231574
1924278940111114287
1924280146980110704
1924280879553114411
1924280990697980092
1924283131944636865
1924289644004327553
1924291375454990572
1924291710533710166
1924344445820104767
1924538897289380189
1924664681530327094
1924665112780276141
1924665607603286237
1924667084405198949
1924682650809413707
1924856935372697867
1925294258619392053
1925294548181541361
1925294973777547511
1925295770783424876
1925298147351491071
1925298376284967020
1925321515341685243
1925321655297220644
1925322547027181963
1925322762790609135
1925322847410651341
1925322928943694038
1925460271671517691
1925674806785003721
1925694253277098164
1925757858617995400
1925956871581520178
1926141925259620490
1926377708335833281
1926967062070513920
1927174156484788317
1927399413728583951
1927543510103629953
1927763311958892961
1927905800887963881
1928102236841734273
1928472043319603517
1928667334111068384
1928702535801635094
1929141356825338162
1929540458159468868
1929563879555662220
1929575578769715480
1929968326631141854
1930224599137980620
1930681001191055783
1930682929086439598
1930684818687164684
1930932258799542404
1931164927064231952
1931189647398560213
1931306786755129491
1931307211973709841
1931307504656334977
1931308736372466116
1931309462511370581
1931309912950272371
1931317496704868804
1931318141218390307
1931318443078279483
1931318772721147975
1931337872566542424
1931446115817148687
1931718507068084293
1931981375994741089
1932093570913038756
1932093815206105323
1932094042634146265
1932292951679570107
1932357362817667296
1932380972407759022
1932402401014694037
1932402702329209213
1932456697676583140
1932597727675744634
1932597749914218860
1932744045178069439
1932764422751080538
1932765142439079953
1932870048722440632
1932959312483082610
1933011688179274078
1933110097946751005
1933110117223841883
1933157247409893476
1933557122194640925
1933557509731557866
1933558697113854351
1933559621290992039
1933592345188200711
1933893476392788381
1934104885072736418
1934123219088294248
1934328682639728724
1934636462827339797
1934899649363812372
1934923255875342726
1935005846376726752
1935006165471051998
1935007439516319861
1935121587209908581
1935287407680839806
1935287825483604211
1935288122222276742
1935288218066592138
1935288527492694084
1935289905376067909
1935290985799364825
1935291295276351985
1935292328614445193
1935292637717856378
1935292962713608441
1935293279756599310
1935293431317717245
1935293709584834704
1935293929756172293
1935294602677829767
1935295500032299234
1935295822398210267
1935296682712850476
1935297025484247230
1935297805863522421
1935298155731353618
1935608491898458554
1935656457560596971
1935689098439921864
1935841807562072395
1935984193558728729
1935984311876173982
1936370119057563884
1936863322344915212
1937034252278731112
1937072345136402783
1937118262430703995
1937118311466361254
1937122889922224402
1937129044484522013
1937133686429815207
1937134433976398240
1937135979120455892
1937139556727337220
1937139682992607719
1937140627344359866
1937155387436028250
1937158555108507779
1937178967477490133
1937182773367984550
1937360239633760710
1937520924082966992
1937581318923223317
1937672809830056404
1937756275410108851
1937806414921252945
1937807303849160881
1937986884380107155
1937988433336795440
1937990207095062947
1937992815801188776
1938104975818952787
1938227429161492785
1938241401717735658
1938258727662194713
1938282780364050703
1938495763937407395
1938793202368082370
1938793889462452686
1938794923379081655
1938794927871119700
1939417689203913103
1939431487268675771
1939467219068698822
1939503780955144530
1939658308165488816
1939666901753373143
1939702632186048620
1939702735093346632
1939702986399228072
1939713170018632042
1939745702227452155
1939753484066455583
1939760060844175508
1939869573966389325
1940309374691430461
1940435083850354990
1940458353354035441
1940686727682970098
1940840997593755936
1940870544255230190
1940915079416848419
1941130292489810344
1941130708740927947
1941131485039276033
1941132461045686410
1941273923796234549
1941352711586476342
1941914985980219560
1941974143714349278
1941974200052289972
1941974593356411033
1942062233145495571
1942110328709394823
1942120944983540193
1942131060650787291
1942131555356303583
1942159251620676065
1942200737142026628
1942231948404875598
1942429612786499591
1942542372992414023
1942563989470274039
1942600121193226642
1942614864528302514
1942641490259231119
1942799596977099227
1942827308290625926
1942902428543950984
1942902480926392687
1943152779062575374
1943354921891287229
1943358352085438595
1943377344896602264
1943596597616517304
1943596720954265764
1943597124916068634
1943747159238529432
1943766266117763558
1944147306439487737
1944261023487472044
1944263436797452313
1944389333097554351
1944666250543759707
1944752499207925775
1944855721692086610
1944890643173781741
1945210665964122604
1945211303821193608
1945220498222178551
1945221929541009892
1945237611204771926
1945237632297943094
1945450984135708970
1945541962099999041
1945542539517518278
1946283685012983835
1946412140622909897
1946450242590961997
1947103948458115492
1947667703063261199
1947882340489040141
1947884068781363316
1947884246380781571
1947884325028172247
1947884416027791722
1947884473779163206
1948011989558841428
1948040170722230427
1948294868985356366
1948404556565447031
1948654452409286952
1948740822121546174
1948745050814570535
1948782529324146953
1948796796832284830
1948826411915247915
1949427111028007037
1949663510687850694
1949699684072566972
1949808146446163978
1949871773186506823
1950317425649733884
1950451298719178752
1950596067550015656
1950876611340906704
1950951144554942776
1950960526269296869
1951000158553997586
1951000468156719331
1951023549961085439
1951139026867454009
1951139588291887147
1951230935321522236
1951658576868409629
1951908523308138644
1952108734693662898
1952424902784401720
1952429434893369742
1952442635395690497
1952457335114203541
1952603242078097685
1952709615965106381
1952912457296425282
1953063713776279794
1953211513675657621
1953435184172261771
1953439259207295064
1953573971317694699
1953738314927763630
1954977209283907595
1955127865089069230
1955326541425947084
1955568206388535705
1955690239730823668
1955713489793589374
1955962785059201184
1956438264732147816
1956456256023236610
1956747826525811015
1956973759962689775
1957130050207113268
1957146944272584715
1957258425416499708
1957458157120487925
1957845598612164614
1957849337905705241
1957849558605861022
1957849640952287476
1957849830065066298
1957904121832566878
1957904225478053901
1957904357908787524
1957904925712601395
1958137279471305000
1958140448083718465
1958423848107249980
1958846666070495622
1958899585331388469
1959687909285781970
1959691355049038205
1959806205481582806
1960041728670417319
1960050624961130946
1960200198157939005
1960465150458388508
1960696052471808371
1960704551134036438
1960787281020903553
1960918585087303842
1960956758865928620
1961078344675414223
1961154577316618320
1961742877564027051
1961750409556439048
1962002096347091233
1962212568430190713
1962239685834502269
1962251112129417327
1962564489871560952
1962810160226664474
1962812056681238757
1963178197224509669
1963181784453071329
1963182758047502697
1963183961955569880
1963197142274650205
1963197903201075679
1963219666421137728
1963219840132595872
1963220026678210612
1963223582974042604
1963224417539920169
1963226997775274280
1963232696500617527
1963234928826470731
1963243473265381461
1963246123897790665
1963249476920832052
1963254050087997853
1963272351765651871
1963272895230078995
1963274425651912885
1963275128655233308
1963279888976052508
1963287342908936433
1963303509119639564
1963321477912019099
1963328464213389439
1963353674736177188
1963357819224428975
1963365514404835518
1963371241030783220
1963396944606499104
1963406734325960705
1963407177478991880
1963408243478466616
1963408423435079938
1963408878827442377
1963421513086099628
1963422889438478797
1963423916652966225
1963435688751202569
1963457533453938833
1963472412671885548
1963472823160054116
1963473536611168496
1963484744068538495
1963497970055147770
1963498792579113347
1963503276688826852
1963503930866110750
1963511821609906206
1963522981990224150
1963529500429332613
1963537768258441314
1963571570133328212
1963583479217557859
1963583678405132666
1963586125639135620
1963587117491106073
1963590098370355662
1963635272572440760
1963636763068399989
1963745163584700815
1963754677624782854
1963775941446115525
1963776801093873906
1963790687956066456
1963792895200100707
1964064950801813659
1964474115894706236
1964685101465588067
1964732169684979940
1964732364082598213
1964750818781061310
1964856118619832351
1965036038298206213
1965062599349088533
1965063147393585152
1965155864962314664
1965158374502531326
1965335384344461373
1965337450336985556
1965401128822341858
1965403638764847277
1965425611410911631
1965454933458911707
1965471931324657969
1965586187160260819
1965683273289662608
1965687672737075304
1965700487052947824
1965863633113723227
1965897593449484393
1965953064315330630
1966038544805187668
1966167608279142779
1966260031873233239
1966263889475391841
1966285093435052437
1966285375963586997
1966285513364758835
1966369305924178348
1966403505364541493
1966438466733932891
1966506429453324295
1966528477647020160
1966578469455712753
1966581353152962568
1966581736038383969
1966623372395073604
1966673507103768935
1966682791682117724
1966682938256265466
1966775298827206753
1966876958190395856
1966949970353004567
1966995853178269957
1967103318565810673
1967210794346762615
1967220203387052134
1967422822747423012
1967472409197560317
1967534221830037553
1967545754152780055
1967622300301402553
1967887666869047543
1967887841809272950
1967888021283541071
1967966887133990951
1968001168338235648
1968002850900127795
1968016377085898901
1968057174996959444
1968220630593265824
1968256095035822249
1968291725388189771
1968356396472373278
1968507595519357410
1968566849651581270
1968726282679566543
1968758563620147492
1968837523729183014
1968947343929028955
1969043509836485042
1969087943311589624
1969152463841178044
1969152619110179284
1969153111492005945
1969180827268628490
1969208722321756297
1969248149723365515
1969258193713836184
1969319813274009798
1969662416377307590
1970021436120350899
1970352439611302029
1970361968910606495
1970390446527652119
1970402207339082200
1970402475191484646
1970421779006136811
1970431344825245822
1970432899951497270
1970444991878308051
1970455972897493091
1970487523500839285
1970491129603993696
1970497325908025642
1970520548284543341
1970528426953187331
1970698821169779067
1970846171938881829
1970857638264287401
1971168451772424204
1971329397501169785
1971347886228242669
1971396417400058164
1971509771640652023
1971511580698517535
1971575246068068579
1971670629477994685
1971696294759657888
1971699724807032924
1971812911476609279
1971857445665505394
1971864079460663554
1971930243004043370
1971951452244660408
1971964976249401470
1971999417856336065
1972026230678696304
1972094134568772009
1972248741513220573
1972620889423507482
1972693008270209399
1972695183679516826
1972739373792714988
1972952260654084241
1972975752514785685
1973023571413983238
1973089786295414858
1973127564274311385
1973197128999772182
1973317298615361662
1973336313425506493
1973405944068579508
1973417372288434414
1973423229365788978
1973438126107591062
1973513503546941700
1973517095351754934
1973567640078787016
1973748629572919600
1973858069248655562
1973881716856213537
1973904011448209416
1973904227027333444
1973904274141675819
1973904357625110617
1973998158913962313
1974041932616679672
1974042480493420702
1974042593727008928
1974042694432305347
1974045252303327337
1974078388429275403
1974107851573617147
1974108133598638413
1974108179471683794
1974108224971518059
1974321418222616767
1974408711931367733
1974472709154422968
1974500567222297031
1974855428548034757
1974872304489533742
1974950852327772304
1975055308251910514
1975173550626451508
1975257613622268138
1975476029788655921
1975492950487671035
1975542983341842890
1975543900791283986
1975544047113839089
1975560340240015820
1975718601056571497
1975718744740798738
1975718880703357442
1975719641411653946
1975719872320717221
1975720384675914015
1975721405795704912
1975736534096879731
1975849401580237069
1975943923807007096
1976020861649027141
1976176975946613096
1976473384671211714
1976623927452741891
1976624626563432663
1977489584402346033
1977489705601036504
1977490343462678905
1977492921189650931
1977493744858313014
1977495183970230316
1977668067942633733
1977739111935963173
1977800270823219619
1977800714161455398
1977818541463339290
1978635953267704156
1978681079176298978
1978728398252855611
1978809390917452266
1978923756463460839
1979005145909277047
1979166402352197641
1979318286396350740
1979363316196872229
1979366774798979531
1979367435674488914
1979394114983436508
1979454588152615230
1979535171595722761
1979555809295286601
1979599691382993317
1979618507689279662
1979707971652505912
1979807653900747112
1979878030731542864
1979931829432967518
1979970978206617664
1980012756095967329
1980655189272195230
1980728818022379942
1980737298020110653
1980892714146099264
1981005816766566406
1981057286421565592
1981254540352450838
1981383239148216767
1981399684469121201
1981415477084901408
1981448227246526819
1981469833209233409
1981597436838891580
1981618046151151662
1981621096991347082
1981722307337855080
1981777440528904673
1981838602960351331
1981854079803380093
1981854406510600241
1981854539780403340
1981856665323581757
1982168052717191501
1982727384899146075
1982822235753652396
1982841137674039368
1982874392423215425
1982877366340005950
1982922111149846875
1982940758647648436
1982987278684180982
1983104375016042541
1983105382043316586
1983105590521168030
1983190510773866554
1983195234902388860
1983330610581254549
1983330640193052990
1983330687613866270
1983398645383999982
1983596319517077816
1983683718503190745
1983683979661169080
1983917944204591418
1984357575018889677
1984358021569654859
1984871344597532793
1985204436914848063
1985315071724060931
1985534856978448437
1985720078747197667
1985724079933153359
1985724143183053077
1985815191657889970
1985875119101681833
1985925929676210551
1986104278076051875
1986138210481963488
1986403128028373290
1986416690008314300
1986431638902022272
1986452762855424321
1986525694394855901
1986769813885346173
1986785849925943477
1986891220916773240
1986953092269809863
1986996767427047471
1987173264507166944
1987176993037725728
1987178956735324549
1987179007285322002
1987179535083635157
1987180083056869510
1987180357054087264
1987180574331543825
1987181311434326089
1987610827134808171
1987813274055029104
1987873529757626809
1987959311943843858
1987995270131384641
1988011420382793917
1988092964007231803
1988102606351462780
1988123506757038558
1988151548355244213
1988273015776494047
1988527726312018108
1988959375353086158
1989075953692103146
1989153488966758717
1989281124338831394
1989281165984096494
1989281203355291818
1989281604142014733
1989282729977102670
1989284032035815699
1989551308261490819
1989636271074115943
1989644632171667478
1989645601961906356
1989708007178154034
1989709596320018886
1989766680914895159
1989782678183235667
1989860925222920673
1990053153639960756
1990093213697519842
1990093530983788998
1990105564815180253
1990246009071436087
1990259350116671954
1990419736711110819
1990451738357469189
1990544471172477163
1990972214259470482
1991165575578755402
1991184279121064080
1991303432297480354
1991308505694024079
1991466581831151748
1992212886425334093
1992430799040532516
1992534358411157542
1992623501920829891
1993010312388526150
1993077987777065447
1993311218359320889
1993959174372471210
1994085000820777211
1994246490001428985
1994270092113191408
1994372358438899890
1994396187311612413
1994397082703032712
1994402155739156728
1994453297294446952
1994505920815198345
1994506200327811563
1994506529543000400
1994506726931157212
1994506850977681594
1994506959954080230
1994507093555253743
1994619942025462128
1994619967828873269
1994619992684241370
1994620026532372908
1994620054886125679
1994759099414950327
1994759753416020034
1994759868713243014
1994760009654440211
1994760118056161708
1994760500010512598
1994760600363438314
1994760712493961232
1994760834132607224
1994867960230679015
1994868761124319412
1994928323269726683
1994938747058884808
1995162406012739696
1995188852303229285
1995204688233566298
1995515406862123324
1995810698971013613
1995815424471281789
1995989927167754706
1995991195730788474
1995999096214069452
1996019561821286800
1996090341100061018
1996093826369253731
1996162977750233373
1996240186527691253
1996327846223155419
1996332618678513918
1996542499297382681
1996787858196386015
1996834621582127267
1996866280826245592
1997083234283184356
1997083527817404490
1997083835708899649
1997523058714976655
1997671610010963969
1997744237392322992
1998083863298601411
1998136159629717596
1998527861691646426
1998710651162959964
1998718645485064209
1998752802622025842
1999185863599882265
1999186884644278480
1999415502574342380
1999427896549732516
1999428670520459640
1999429158318092784
1999643973762138141
1999649301476016495
1999797120673653186
1999853062618521615
1999894729606275419
1999952215969341683
1999957132054233228
2000034590975529007
2000103243721081165
2000105758084739265
2000129389208695088
2000137050893517051
2000302365900189881
2000664482440245581
2000686418792771787
2001031381414240282
2001218556252377530
2001442694992920848
2001636653639872874
2001664494234407040
2001729085698117725
2002005893974524415
2002043433297629190
2002092008970531152
2002305967602741562
2002318249476936068
2002323335506477166
2002336017882493050
2002345303291396234
2002360674328920136
2002407404936237435
2002430034938900974
2003832481150296330
2003934307296100650
2003957356246470860
2004139939517329419
2004151804037419514
2004320836355072141
2004522597242052944
2004524317804257764
2004525643674059049
2004692094536057212
2004793870597722214
2004855842152349779
2004952644193058852
2005069312340754467
2005138444474052979
2005256886438994270
2005292489738244109
2005310521629970670
2005416911769878610
2005450186286588325
2005584165522260145
2005608248796463174
2005611904425992616
2005709842242232537
2005954083807506736
2005989194947256340
2006325938426949850
2006507388027732330
