1609698253460705283
1609777589966733312
1610021055023677440
1610070915269943298
1610550704938049536
1610581651989430274
1610639576166449152
1610984388971433985
1611736827433750528
1611874306723663872
1611903008324964352
1612086069910208512
1612341400426643456
1612885654530031616
1613145449539555328
1613196020565016576
1613331426941837319
1613349085196726272
1613535260532146178
1613664806955012104
1613795863381544960
1613847803079311360
1614017129573158914
1614085511663984643
1614723552988512257
1615840781654462470
1615899812418682880
1616150932852441089
1616470446978760714
1616492020440104973
1616509891719401485
1616559518816653321
1616666163211128832
1616666536810532866
1616667125183045632
1616869421552738304
1616887149030264835
1617219106817863680
1617391559607029760
1617462135206080512
1617710454746517506
1617746637534920704
1617839667608444930
1618180122720325632
1618233556110815232
1619070366181105676
1619476535597211649
1619610506553167872
1619647622440189952
1620784603220037632
1621313201718845440
1621905493114650624
1621905494091907074
1621964100610969600
1624478085537054725
1624479934570790912
1624659426631118849
1625083150337548288
1625154201008410632
1625191226436898818
1625689711623950337
1625864557515223040
1626120825035448320
1626160508213813248
1626265873802485763
1626300271759605763
1626635423349866509
1626799137550389249
1626873372591136769
1626883096225218566
1627151697348038657
1627211526380683264
1627298856810725379
1627650795297714176
1627667131688005634
1627670445381103618
1628082566652735511
1628242669729386496
1628320150486241287
1628336829190778881
1628390777972830210
1628696487767965696
1629624130554449921
1630175691865047042
1630334553658126339
1630454074645807105
1630609197271248899
1630950965477007360
1631020423281274881
1631411354966843401
1631506692889358336
1631511316111212544
1631570833368924163
1631630375851282432
1631904977089093633
1632160296440569857
1632579206352711687
1633270706183053312
1633917689218363397
1634007919250268160
1634018535029522432
1634136659364126722
1634257666301124608
1634285495009296384
1634552522181423104
1634822947612545025
1634884441746161664
1635167688858419200
1635186974972854272
1635226770327887875
1635323192041672707
1635391504582873090
1635618203932999680
1635845424744648704
1636009357656686597
1636038463232286727
1636068617245605893
1636141234950471681
1636519749621350400
1636605783935950848
1636766601528881152
1637169370215464960
1637739746247032832
1637895431978876929
1637953494933020672
1638286619911364608
1638330648682430464
1638349056614211586
1638586342530588682
1638757745384910849
1638905828504662017
1638917289922772993
1639558542251159552
1639598218349805569
1639840239538810880
1640169636812533760
1640399559074381825
1640848846979756034
1641050964512702464
1641392999346106369
1641450670636294144
1641470167631683584
1641526305886707719
1641681936581050369
1641797125704142849
1641828980830400512
1641833048030191616
1642019101156548610
1642478981936041985
1642484769291157504
1642557691594698756
1642691438268805123
1642691613209120769
1642691835226193920
1642692183412154369
1642692335040446465
1642692571792015362
1642692871865225216
1642693203546578944
1642693467146010632
1642693676135510017
1642694317113221120
1642694482737897473
1642877298155175936
1642879586571628544
1642889973610291202
1643052398477295618
1643061429564473344
1643534440574984192
1643574532228227072
1643641701259526147
1643762051255537665
1644047786307092481
1644119064938418177
1644125918716149769
1644147031877775360
1644151260768256000
1644165555224559616
1644183001008422913
1644197314611879937
1644197448112275456
1644211439387947010
1644265322298392577
1644363688411815936
1644373442513477644
1644375109803573253
1644395010597453827
1644493762117386240
1644561804402540546
1644661381541535751
1644672383125540864
1644677600030195712
1644737626698555394
1644742775324254208
1644743858520051712
1644747726637113346
1644749503361335296
1644750182679027712
1644750562708058112
1644757715011485696
1644778466716385285
1644782706511757312
1644783697420247041
1644785987657117699
1644798394358177792
1644798873892782081
1644873387003592705
1644873774498476034
1644881317811867649
1644925303767146498
1645123597609082880
1645241159516663808
1645273551992410113
1645372910209576960
1645496140924690438
1645548297271091202
1645614879766724608
1645618201592569856
1645632621836218369
1645841953357955082
1645902906078396418
1645905015306063873
1645943177969377281
1645994173424627712
1646470297380331521
1646616348435394560
1646643802923499520
1646811525653442569
1647119227189436417
1647150568287109120
1647289412634525704
1647291149692928003
1647304597604802560
1647453571229847553
1647546189477449730
1647572236189028353
1647729698103762945
1647747426093092866
1648350843152769033
1648455579550236672
1648634671167594502
1648666507520475138
1648708306603589637
1648723644904873985
1648922118120423424
1649141434291744771
1649416434483601411
1649437326731345923
1649745147423346689
1649903919798034435
1650083415280975872
1650143610375897089
1650249416517746688
1650404737446207488
1650466315360976897
1650820424496709632
1650820565136023555
1650881367218049027
1651232466634518529
1651245045322768386
1651259442267136001
1651702303802658816
1651757335201697793
1651865961367224320
1651886267456532480
1651999006803865633
1652043249945817089
1652171205619896320
1652748161633382400
1652883973129773057
1652884851953991681
1653025262358118402
1653026410095841282
1653295622466797579
1653416941917454336
1653447613096792069
1653600516629299203
1653777970895437824
1653804326706397186
1654396056149344256
1654468639322415105
1655046867737083905
1655267805795864576
1655744749113073665
1655787695673573376
1655955646410375168
1655985596718776321
1656069802698461184
1656374145876217864
1657124952498208768
1657395379460087810
1657473771761025026
1657672107017347073
1657746435859775488
1657746508471476227
1657775496548032514
1657951452705292289
1658108738241273859
1658245674658410500
1658467008122372096
1658679292585181184
1658959662711189504
1659031622295908353
1659033809969446912
1659101253790564353
1659218622638698499
1659602588470329346
1659698336226766849
1659706406940082176
1659748184342556673
1659909324133523456
1659909486104985600
1659924510802591746
1659950410692427776
1660241382336806912
1660556402614587394
1661904369644609541
1662325619961774081
1662758938029219841
1662922770026471426
1663313096012705792
1663626345610444800
1663627216842899462
1663951454615240704
1663975769260060673
1664119660785049607
1664240386578198528
1664479603719831553
1664829390356709380
1665138351811309569
1665147270990376961
1665154294654328840
1665158969835257862
1665435961453424641
1665609135570792452
1665644825826213889
1665690445110714373
1665694843928997888
1666046438235578368
1666053307415293957
1666061945085075456
1666064276665122821
1666563455103520775
1666563608770166787
1666796126941356032
1666839812832100353
1666947285479981057
1666981152622518275
1667229460687364096
1667257624860020752
1667322470401990656
1667456573201891328
1667458329306894336
1667480639526903810
1667638400537759747
1667841168963452929
1667916885789229057
1668106970925088769
1668274784885415936
1668560425493884933
1668607089256681474
1668618015901118472
1668623579716657160
1668626222581174272
1668657473538994190
1668811965085413377
1668995915426701312
1669191136001552384
1669354280653033472
1669428007843274754
1670038887345930242
1670678785719508998
1670679168214761474
1670722737856212995
1670836517630013441
1671754835081953280
1671913476585922561
1671957246673035271
1672352603827470336
1672370216893046784
1672440872758280194
1672520195183616000
1672804015980044288
1672986277837254656
1673016769542250496
1673053141628076032
1673388934020079620
1673469797164630020
1673581371489394690
1673662948911243272
1673936736840454145
1674124248955211786
1674125706924638209
1674226751063441408
1674226839739330561
1674482581071339526
1674824396467322898
1674935662389215234
1675140782288764931
1675207823347572737
1675525122424184834
1675913605047365643
1675931138005540870
1676095576620802049
1676637289588621313
1676723370375749633
1676769129171243020
1676843364958851073
1676878936704425986
1677127312712531970
1677344417319993344
1678040943071567872
1678225960854798336
1678319115990368258
1678474623162130441
1678535489622536193
1678555412042244098
1678555920014491648
1678838369516761089
1678846502481932289
1678948701815930883
1679409794183200770
1679579153811505153
1679861930398294016
1679980908479127553
1679981409388167168
1680018103634210818
1680524546388946944
1680589721611714561
1680936088297144320
1681139211628425217
1681319395803668481
1681398316435685377
1681669973628821507
1682015477193748480
1682336856631918593
1682589199663353857
1682906810594861057
1683170873325264896
1683231930505129985
1683476627827589120
1684220026377879552
1684222149756690433
1684272184431087617
1684374280547491840
1684792367197380609
1684923273602117632
1684964431367655424
1685057892934639616
1685125107641946112
1685239039698374656
1685525813779742720
1685654156684427264
1685758591939092480
1685760246776537088
1686154843340300289
1686167181774438400
1686230187145580544
1686316023560253441
1686360669048713216
1686463339092676608
1686464352285515778
1686513443451404288
1686533372913348611
1686663203500302336
1687450915018522627
1687536216818778112
1687998804262305792
1688027899553837056
1688427534000492544
1688512976993570817
1688520664775561216
1688520815183335424
1688523121501024256
1688526242814058496
1688527993461690368
1688530056379801602
1688534507471937536
1688536628275654656
1688537992313634816
1688538602253463553
1688539535251288064
1688545802044764160
1688549739661574144
1688549843969740800
1688551819864363008
1688551915666472961
1688552618585722880
1688554416256008192
1688554691204915200
1688560681615011840
1688560920505831424
1688562003609255936
1688563976119164928
1688563992099524608
1688564647904133120
1688564835737645056
1688565776499023873
1688566545482756096
1688566923473436673
1688567038535729152
1688570786221797376
1688572930643615744
1688576548356714496
1688579887672721408
1688580960902885376
1688581853643718656
1688585990531842048
1688586087546138624
1688589295748341760
1688590520329895936
1688595698953175040
1688601152617959424
1688602216217636864
1688602259826110466
1688606849799696385
1688606863615733763
1688608131277033472
1688608154756722692
1688609419343572997
1688611956721377280
1688616953987084290
1688625132070383616
1688630320080523264
1688646520948797440
1688666500335296512
1688690822869635072
1688718196671643648
1688739854644027392
1688743102234906625
1688745989639712769
1688751153763291136
1688752060085501952
1688759094306631681
1688770890178416641
1688771214196531200
1688771292088930304
1688775120893177856
1688780190443622400
1688781138225930240
1688788752968409088
1688789071009837056
1688789389626019840
1688790429318406144
1688794075493965824
1688796333388484608
1688802180646780930
1688803167809720320
1688808041960099840
1688811911629205504
1688815528389804032
1688818213101211648
1688819351447916544
1688834757709434880
1688837299721920512
1688843110355279872
1688851421310197760
1688854942109368320
1688867074670825472
1688872008808046592
1688882154225512448
1688882353060581376
1688884321535602688
1688886490204626944
1688887409608687617
1688890525904941056
1688920252401463297
1688925623799201793
1688925871598628866
1688925977383157761
1688932872445673472
1688935495307268097
1688958297641037829
1688960882762821632
1688971211907497984
1688972964979687424
1689014634161082368
1689109804319408129
1689125337580630016
1689125522507456512
1689131985032323072
1689230669489299456
1689313735754821632
1689362130175467520
1689457709400104963
1689470334783967232
1689496087579725824
1689496098841432064
1689496544989573120
1689868030581391360
1689896197622829056
1689934654428864512
1690101940372602880
1690204558390124544
1690303325324156928
1690304256635817985
1690332532569772032
1690387147855986690
1690708530158825472
1690881449182756864
1691229665338286080
1691238364010168320
1691504465012989963
1691738845728133502
1691863613269570022
1691937104308097035
1692622535941144629
1692946002146394192
1693363654329266397
1694001058601680921
1694440457743577450
1695024487186506091
1695208934481560029
1695478929140707660
1695755163934351690
1696506233467883564
1696960746138038652
1696961745959407625
1696962023127461966
1697711516428947744
1698175028863393999
1698466051715903907
1698723482526204358
1698888515524694498
1699116927954674152
1699140933458014209
1699153622242623943
1699526979651817536
1700123508288655855
1701016423974556097
1701240325577003223
1701305850873196566
1701482446103904291
1701852976153772349
1701876527401726338
1702594134303740015
1702762125775516126
1702960798161567943
1703160352916082939
1703376581639483396
1703600904153297369
1703883972726624422
1704196937765765193
1704455490699174150
1705027347169362157
1705231095342723194
1705969779872526675
1706022402117820607
1706412138867081642
1706447461378621922
1707204941847421363
1707892653814087876
1708015036902646005
1708065740094366104
1708462515586310499
1708553543014068555
1708566973817246196
1709278504339034165
1710032642291159348
1710047977127981313
1710479787771187216
1710831062702575760
1710919002858352896
1711363987122929691
1711414114986373388
1711668069741801476
1712379662507126874
1713063377843454130
1713301800080556453
1713399143064821967
1713978118627627262
1714278341749215288
1714295204461859055
1714346080500916263
1714793404075229341
1714824483570164189
1714959710783148467
1715086903286903131
1715467087479525560
1715779022129361338
1716410768307241163
1716421946575933875
1716432562694898026
1716508236851921042
1716639544215314899
1716921667551977975
1717318634232545417
1717556703409934764
1717992574693281955
1717993382516265288
1718043904128237832
1718127456639746413
1718953463152046550
1719017322990497900
1719029487763865795
1719132972954104145
1719275234673500453
1719329058826166593
1719370518254784563
1720498247767060860
1720756217885155625
1721696862258778625
1721785666982297985
1721785778466873609
1721785831612973077
1721785904786808912
1721786030829842902
1721786172785975296
1721887161962926223
1722012025373835628
1722046437234442491
1722106748394487829
1722142696658387337
1722181386835046476
1722268992625332664
1722269078575067393
1722269213463839225
1722269359912206811
1722269413741912128
1722269481328841164
1722269525083828607
1722269608793768274
1722269661411283342
1722269708718907412
1722269759167951078
1722269825593135251
1722269872212836644
1722269941318258976
1722270003838546418
1722270048323313727
1722330388507361752
1722476947458904162
1722558551955059059
1722652518482952599
1723404344190779557
1723423079777681605
1723423251563794535
1723425226720268345
1723426883952578983
1724071653997531421
1724310778071974234
1724646649387970732
1724647757527359821
1725033017897287703
1725220778361123305
1725322812980969750
1725464875814486285
1725549247628562690
1725608034292928882
1725693418968645950
1726001591184949487
1726017797531062583
1726077411328926176
1726786209534689502
1726788478758015094
1726788783235035360
1726959358066700489
1727048617192804655
1727433196101374398
1727771497962606720
1727880910207438882
1728048760360468543
1728154271969956169
1728177501950644514
1728412107203362998
1728766137364791570
1728766202602987779
1728766259104530653
1728766326804812132
1728766380349198768
1728766481352339637
1728766535651770680
1728766603922456578
1729361956090335543
1729406806319853736
1729581825251533289
1729874437217095757
1729919159876681905
1729947785078755644
1730048135135920245
1730349176792187251
1730464021239971895
1730661907269644523
1730753932102693359
1730820913212555542
1730833735375884611
1730879292056256764
1731012173709857044
1731175338414067808
1731297834324971869
1731439587778494776
1731590180996325762
1731604164139217203
1731607361213890769
1731743274795475332
1732224714188509621
1732396190350942508
1732444878578270548
1732668036845383721
1732770129774031119
1733268339852468382
1733277494919172405
1734443012984291401
1734746603641057440
1734792442140901714
1735177696965964158
1735283708062822623
1735293959763890189
1735539875741626598
1735682180142252167
1735696711266324740
1735767062671245514
1735768095682076911
1735824492923154552
1735876743615926607
1735897378584989874
1735935776720867418
1735965432010420681
1736036355799392756
1736254866459140155
1736433829089271948
1736450225974190185
1736450335546151090
1736450364289761491
1736450434586263588
1736450463090737247
1736450497333112952
1736450530111590681
1736450557982728292
1736450584629125466
1736865718929694894
1736972422287654951
1737115988515307621
1737173816084734104
1737286553335202247
1737305324955054095
1737342592214241557
1737625417408978995
1737869701445746975
1738075642149650652
1738238719935586573
1738379072361607404
1738395858583048441
1738732112495210942
1738747442819191143
1738784317608747475
1738938840830587167
1738946856892150135
1739027066979287313
1739071785444745383
1739081438018855248
1739172572317593649
1739274065733447956
1739345802500456944
1739602578227474464
1739636572994093111
1739665105749500100
1739781175500022222
1739870957471514992
1740539623732855270
1740618571695505577
1740672224892272780
1740725142488285503
1740840215550316880
1740890385814024498
1741232651493577086
1741456140607611358
1877362664483004464
1921278099024462098
1923469736668533032
1986525694394855901
1988527726312018108
1988959375353086158
1990972214259470482
1993959174372471210
